83 139 343
544 644 497
789 977 578
589 643 227
368 333 458
792 809 247
871 359 432
528 689 978
679 906 272
596 875 37
750 234 124
202 869 865
199 402 432
868 43 929
767 705 25
544 250 638
11 470 721
140 332 942
896 833 832
799 428 951
738 603 975
369 546 369
630 663 83
425 289 879
710 322 587
686 473 887
366 149 955
647 546 559
969 164 825
330 39 93
653 499 165
130 365 187
674 910 54
188 400 519
362 366 648
352 588 709
83 192 432
6 820 999
406 76 697
533 904 443
383 791 741
910 63 786
679 853 183
637 554 123
234 351 886
981 270 330
700 647 239
106 554 372
458 160 33
519 502 390
598 739 841
59 747 68
243 676 225
32 615 24
688 580 619
866 771 277
325 704 320
207 215 116
957 976 896
959 766 540
495 206 742
606 943 243
737 334 249
681 211 83
484 334 688
697 802 366
940 159 499
682 718 987
452 852 667
883 103 627
200 928 291
372 696 713
87 108 739
471 396 928
246 404 303
161 175 360
3 363 44
423 148 12
144 544 266
227 589 706
478 453 126
597 746 178
917 5 329
550 981 485
280 600 412
127 951 57
836 965 244
873 457 687
648 825 763
545 933 178
873 704 342
278 84 617
176 224 580
85 275 483
188 6 660
584 200 61
734 161 809
822 615 280
533 520 61
927 928 545
877 853 101
169 899 870
77 92 622
474 750 315
685 521 249
710 701 242
678 327 325
799 832 287
552 719 40
137 472 864
238 656 326
807 926 760
553 527 614
785 12 694
585 484 991
686 245 186
558 847 258
178 399 606
214 451 652
732 115 57
373 120 906
346 407 402
623 574 337
889 886 562
127 34 481
630 482 721
189 319 22
744 988 325
45 491 219
203 764 687
33 871 546
922 11 24
812 523 393
241 593 173
323 928 880
401 488 542
176 642 120
866 890 73
342 889 680
238 77 378
38 388 268
991 324 332
282 802 845
249 64 87
813 233 126
726 584 717
853 349 683
876 180 38
654 711 76
416 429 443
562 905 42
523 24 838
917 176 213
694 129 890
200 904 610
776 432 461
0 992 526
504 271 808
589 78 483
634 907 542
395 32 758
612 8 680
565 376 987
528 29 533
197 883 124
395 388 732
440 230 781
42 688 957
782 622 245
564 97 784
117 626 719
94 79 690
410 201 774
273 653 142
204 150 995
71 177 901
820 849 317
739 85 7
561 878 220
499 24 208
665 902 805
554 261 29
159 570 805
354 277 901
189 187 22
141 57 879
313 622 496
49 659 908
545 695 0
903 410 924
531 113 585
703 327 955
823 448 536
154 583 65
768 628 255
945 796 231
819 508 547
574 725 7
569 985 897
626 315 32
154 807 38
334 649 3
189 917 901
879 362 931
309 65 675
731 880 679
120 671 885
928 415 304
96 200 626
582 619 187
356 105 430
718 163 678
510 196 6
310 392 241
938 996 165
184 337 8
14 302 390
384 672 359
605 33 2
113 448 553
816 107 407
613 496 653
727 546 832
966 527 721
115 228 720
221 199 629
995 386 843
976 406 112
994 787 38
241 991 759
768 765 981
654 579 76
6 265 733
885 918 166
791 534 770
758 759 342
233 475 19
907 939 337
890 174 29
435 799 306
425 920 916
983 566 878
764 256 523
776 655 435
663 111 946
16 713 594
897 572 973
619 809 960
484 72 829
728 450 131
538 477 394
675 373 132
641 417 341
439 160 347
803 748 594
869 394 176
172 347 158
362 627 507
261 701 178
35 267 332
507 41 911
325 888 409
450 270 579
142 122 586
509 200 733
228 194 261
843 585 948
184 157 646
481 222 229
329 396 653
286 790 196
809 876 812
834 858 512
31 540 840
531 535 852
553 765 792
163 680 678
120 642 478
489 815 739
610 583 487
369 755 139
266 906 166
370 626 279
485 979 343
52 884 436
90 599 853
275 647 806
884 74 219
389 274 718
368 912 406
520 202 646
848 338 261
798 975 350
385 795 881
232 818 375
832 28 768
106 55 335
109 916 627
988 440 573
537 251 280
582 434 98
628 712 32
549 465 104
349 552 20
217 890 677
133 556 557
444 930 79
370 668 891
172 546 451
165 864 181
363 868 825
651 656 432
169 410 311
90 201 268
50 578 411
289 375 211
462 460 721
767 572 25
190 403 660
725 528 488
176 657 324
507 891 195
310 539 444
237 343 964
538 468 917
173 165 210
591 778 367
28 547 763
50 801 385
77 818 773
970 136 417
619 795 756
937 731 166
333 123 145
544 212 753
26 924 277
833 934 282
179 541 83
357 622 812
981 640 507
115 15 223
243 743 518
863 18 304
20 771 378
216 587 793
990 45 128
457 269 937
133 225 265
772 991 510
713 761 612
380 62 449
944 483 869
319 789 599
15 239 824
780 45 884
640 337 431
157 458 346
41 395 549
917 575 799
637 321 672
581 407 277
777 209 487
896 829 105
221 869 551
731 680 387
13 692 109
622 826 719
2 866 807
10 205 721
660 51 576
387 902 614
131 55 966
728 18 387
555 711 117
821 944 432
909 562 823
726 224 17
220 614 28
746 85 366
518 830 542
33 767 955
542 432 587
429 120 549
321 360 995
178 374 925
900 327 872
670 461 552
831 290 627
979 48 942
805 747 8
637 45 609
811 690 137
346 498 376
464 658 428
425 697 942
931 384 701
975 986 645
218 586 207
211 839 230
945 971 843
611 963 142
870 597 610
468 180 876
902 601 349
61 736 5
759 431 190
720 285 615
943 612 728
565 361 783
829 980 89
680 83 810
471 653 60
230 187 924
927 112 420
306 495 864
780 263 131
295 873 606
537 806 546
341 824 973
864 165 507
99 298 881
385 97 552
122 52 466
67 171 620
193 64 444
535 841 291
680 359 873
274 510 79
706 989 954
854 306 71
837 456 730
984 130 407
232 210 19
945 154 717
554 631 206
258 175 905
113 657 323
590 542 776
853 415 976
169 861 985
938 145 881
610 883 231
409 985 351
939 107 996
152 376 881
731 656 705
881 745 727
418 80 751
31 986 788
894 882 780
64 586 605
410 225 455
320 209 65
897 97 617
148 251 803
742 135 901
830 670 868
40 272 27
640 774 901
560 128 387
92 483 612
407 854 937
826 455 817
294 870 465
664 333 334
360 21 737
542 669 764
319 157 562
387 665 436
78 552 188
15 458 71
518 669 134
557 136 310
721 669 996
570 35 186
536 569 955
583 372 532
47 927 103
163 586 564
121 196 530
293 130 110
418 750 672
939 525 536
316 734 955
856 703 71
703 892 699
920 521 124
225 533 476
834 976 307
112 668 386
353 420 964
605 587 269
431 294 574
695 157 711
773 478 269
658 941 331
919 612 98
820 835 113
632 709 836
242 586 837
487 783 191
777 711 665
201 614 343
33 44 944
392 144 273
895 131 362
852 98 887
606 933 766
749 552 799
391 501 832
873 889 431
758 788 749
610 650 780
859 344 901
301 788 327
360 586 481
290 863 184
258 0 293
986 451 636
941 908 332
780 871 487
308 669 890
583 257 877
887 845 537
376 754 497
684 256 250
614 381 998
546 605 26
352 706 505
755 296 635
634 475 799
749 139 10
336 960 755
737 571 427
990 851 777
295 717 925
278 886 538
875 840 483
775 585 2
344 532 120
349 704 950
289 797 477
621 983 986
951 952 857
344 218 172
532 8 407
283 342 694
987 754 521
750 238 851
855 139 327
346 212 836
767 524 663
924 204 980
56 721 832
254 183 828
78 144 125
260 981 967
433 255 103
886 447 537
12 759 402
870 478 814
356 53 341
454 817 923
783 916 653
765 113 460
360 662 251
211 222 397
869 792 762
688 866 160
658 509 587
301 607 965
204 407 127
786 671 552
377 492 638
306 181 916
98 583 422
536 896 520
876 156 357
348 965 809
576 282 199
660 640 1
994 83 958
418 289 521
875 460 828
568 46 249
884 444 396
281 547 323
25 697 162
267 596 944
678 987 769
665 926 486
178 636 784
58 904 335
729 929 628
655 990 280
980 968 659
733 660 846
954 931 730
849 642 146
166 973 500
916 770 951
62 28 198
551 197 908
97 95 448
452 221 630
99 75 908
990 614 599
856 432 734
412 475 251
356 447 200
333 730 500
260 388 816
496 747 805
68 37 34
947 946 575
781 936 193
203 464 943
466 347 621
583 557 621
572 332 734
607 353 232
380 509 397
755 491 201
314 284 867
376 569 408
520 373 531
263 58 78
990 600 395
624 786 247
913 749 466
616 303 642
470 78 839
623 773 630
954 599 437
211 591 575
850 157 313
780 448 220
738 694 949
900 379 961
853 188 275
967 670 198
201 770 24
706 116 13
987 725 113
442 722 895
956 312 311
555 0 170
482 554 522
993 697 650
209 456 434
91 874 330
832 275 423
456 569 681
475 953 749
691 488 59
762 856 11
523 72 200
87 279 624
164 851 563
37 208 906
835 652 882
84 219 254
233 218 887
926 601 979
899 727 68
833 896 397
663 961 230
280 705 590
849 248 287
936 641 778
926 8 828
684 654 835
118 297 567
371 967 49
631 601 517
681 2 313
150 235 13
534 206 113
392 158 477
815 976 622
233 926 694
894 128 221
928 932 686
471 182 431
822 933 369
786 548 30
702 176 24
223 174 362
395 835 680
88 644 75
227 414 94
709 189 587
640 352 635
820 864 521
85 289 687
824 775 102
282 575 145
271 650 2
236 112 123
788 542 693
459 652 733
546 828 0
419 0 254
415 496 736
94 312 141
809 283 660
363 484 444
864 730 251
843 818 399
683 375 632
656 505 447
975 502 812
476 240 215
324 585 524
630 905 988
865 46 125
155 308 2
993 683 446
519 711 160
518 768 976
39 881 968
371 919 687
525 369 749
7 568 618
818 438 114
328 89 42
109 741 16
987 307 573
581 700 684
258 384 675
310 197 675
859 64 111
931 840 126
270 982 881
555 394 29
419 275 317
70 211 59
439 962 269
42 712 638
399 499 605
204 606 420
266 502 830
32 857 929
767 890 114
809 240 48
823 700 917
519 749 45
841 169 18
32 382 573
823 64 154
120 287 504
446 491 998
613 676 16
67 645 975
645 965 685
307 494 278
767 130 804
653 869 343
655 819 395
269 727 358
724 102 80
989 733 981
940 728 970
584 176 380
378 914 319
307 940 226
814 935 596
799 400 543
549 203 244
457 901 974
923 741 902
672 241 719
723 615 321
142 317 152
726 423 310
787 832 960
862 200 252
567 123 19
620 676 374
275 381 220
31 996 265
192 13 941
544 159 664
158 357 895
814 56 904
120 443 185
965 757 32
304 41 49
113 525 323
905 807 923
880 912 471
352 336 327
546 448 345
123 356 351
851 883 464
727 925 487
468 389 646
445 606 653
702 451 87
965 947 847
226 651 272
936 480 370
500 70 960
399 105 746
865 468 392
796 554 670
531 730 418
754 639 991
886 342 359
181 458 976
508 12 503
102 956 154
115 19 950
108 438 131
866 548 303
617 868 386
395 136 350
854 244 505
639 927 442
503 557 348
432 967 637
72 219 926
711 928 356
18 797 645
558 600 603
905 584 949
609 703 869
159 238 513
195 685 418
521 690 619
721 787 792
117 859 170
0 531 374
380 125 15
288 376 797
177 964 936
679 512 413
846 663 272
132 82 787
3 105 911
990 191 332
2 88 567
42 314 52
106 45 858
268 463 358
309 264 968
27 847 507
82 715 150
482 933 177
383 146 500
735 844 349
291 330 989
88 150 765
524 337 200
623 550 656
446 501 475
568 615 720
603 622 13
910 35 378
85 81 917
451 991 3
234 166 798
303 554 290
699 714 532
945 339 806
63 478 286
919 170 877
33 714 865
174 511 707
402 815 108
160 294 742
280 890 679
497 429 130
804 633 939
191 944 722
751 541 736
336 828 756
864 891 659
436 499 562
470 758 238
135 598 583
911 91 607
461 428 173
648 863 648
140 580 597
543 355 816
256 249 535
536 342 254
344 888 94
611 911 53
231 685 375
421 858 405
358 402 978
576 771 759
720 892 970
91 219 612
602 281 244
898 822 769
491 381 409
16 860 798
888 816 129
940 406 154
490 595 906
781 975 78
764 242 319
297 336 684
205 492 765
726 19 974
120 102 415
762 54 89
932 108 638
789 792 489
886 604 218
549 873 166
976 596 927
228 270 31
672 422 81
82 838 672
379 182 831
434 130 971
757 34 190
605 141 321
929 841 712
539 425 305
618 701 641
351 835 364
174 915 43
296 165 799
616 94 872
825 176 613
683 337 746
52 277 80
497 599 15
331 138 935
888 740 359
277 555 246
127 903 695
63 207 950
343 177 147
904 936 782
943 626 932
621 955 578
850 143 109
37 849 420
119 353 797
73 76 863
843 751 106
116 594 171
118 967 489
424 613 304
166 593 845
566 508 987
310 159 790
393 894 105
315 640 840
200 719 521
135 298 839
220 527 781
75 915 84
100 838 944
279 363 820
670 869 615
705 444 165
181 813 950
316 866 955
224 321 566
471 643 583
118 521 541
892 746 640
702 43 24
845 992 424
160 527 193
51 867 91
707 44 969
659 759 383
924 266 546
245 485 799
691 625 786
2 729 81
685 720 542
803 183 850
179 702 491
14 962 835
492 807 817
999 312 627
341 586 796
500 920 244
352 559 301
173 943 451
721 588 499
646 252 152
859 263 404
141 465 942
802 630 798
362 798 392
405 219 760
548 109 130
816 909 329
476 70 330
571 960 630
931 802 241
705 895 839
634 660 887
247 668 302
371 393 828
695 195 596
415 88 673
692 715 174
921 790 850
338 565 310
954 955 411
701 557 265
324 324 665
967 807 925
870 255 840
31 132 777
560 627 424
745 43 340
401 327 134
17 133 60
197 18 637
316 283 281
212 686 689
497 220 360
331 424 475
30 626 87
968 332 569
558 45 336
779 582 806
639 637 175
666 783 423
906 688 541
53 794 462
691 99 927
215 137 704
111 958 653
1 22 860
646 821 622
714 826 319
156 904 294
321 711 242
63 910 30
924 584 635
495 530 168
71 951 415
335 458 578
859 69 838
666 374 360
401 365 19
417 49 202
203 997 138
554 513 411
934 515 114
616 945 156
426 777 853
687 486 505
10 191 517
212 647 804
810 363 571
367 68 458
190 456 749
739 390 478
349 927 924
141 489 623
567 939 145
477 373 215
269 163 614
30 816 903
15 648 887
388 821 117
867 186 992
867 409 966
569 710 834
646 228 470
50 345 959
822 630 484
282 209 694
953 680 934
212 880 256
441 652 461
922 510 61
856 86 238
249 581 469
805 800 97
860 12 22
222 569 807
419 223 228
434 467 14
171 190 477
296 451 339
378 411 141
262 519 229
897 990 513
533 126 203
488 231 65
438 374 844
628 678 873
457 858 362
357 5 979
559 718 398
699 966 914
735 620 375
824 542 650
833 331 653
325 812 638
395 820 476
846 872 43
483 658 114
94 273 256
6 422 414
531 127 789
54 86 655
115 500 56
766 84 52
113 93 579
769 898 981
370 654 687
263 414 51
345 180 287
510 703 910
879 832 560
72 176 315
44 886 664
156 573 1
141 318 738
960 514 159
322 980 969
646 437 240
64 310 542
208 390 727
769 528 804
570 880 719
943 622 206
38 117 932
717 264 129
571 144 504
171 675 310
421 250 49
814 906 188
114 737 234
937 707 484
85 484 253
168 791 552
408 853 351
881 218 868
177 110 925
996 476 231
818 176 255
677 708 566
440 847 613
324 348 346
955 24 630
908 890 975
615 195 323
909 301 964
887 736 218
373 733 12
347 577 287
539 965 368
344 494 235
359 98 508
137 720 519
557 282 514
103 656 410
407 602 555
579 142 277
162 838 946
755 111 546
658 617 906
948 447 539
625 102 122
150 382 217
404 86 760
798 923 261
160 85 972
760 55 675
157 837 1
915 254 570
654 161 536
512 517 235
217 549 908
831 798 141
65 590 746
55 626 718
920 853 417
191 560 341
405 651 504
886 580 537
536 157 165
43 621 664
397 377 668
201 115 306
844 399 273
78 513 302
109 153 591
594 886 100
385 965 766
679 236 350
875 508 190
48 627 359
700 686 125
763 964 330
211 13 627
496 610 78
632 880 721
229 93 810
950 792 449
873 732 750
1 241 107
963 545 121
901 99 172
87 264 420
150 658 280
414 150 239
6 892 43
163 694 882
257 869 508
108 229 361
56 51 911
902 131 720
664 400 627
522 780 7
62 199 83
241 763 58
911 955 95
746 151 659
729 50 936
322 188 524
3 220 566
367 362 866
324 533 435
164 25 961
41 551 230
236 350 300
331 580 156
624 378 185
704 995 291
105 882 524
274 884 984
179 322 836
976 173 660
526 866 199
706 500 394
516 404 135
348 348 976
100 363 588
123 384 759
843 566 17
800 96 72
579 24 481
304 230 865
698 526 303
573 859 593
535 461 636
740 379 415
457 663 796
286 306 363
544 891 152
17 726 212
156 810 179
395 426 617
682 295 721
604 75 614
764 859 152
534 604 699
732 129 261
366 145 228
412 204 915
270 389 729
841 444 81
112 986 475
494 782 549
315 849 610
830 855 957
672 426 807
20 824 467
252 518 316
281 144 987
732 143 465
971 970 887
213 201 857
276 960 168
92 114 434
8 178 899
179 507 925
133 347 787
606 720 269
860 386 927
611 953 665
1 772 692
282 589 349
250 490 495
549 412 15
436 115 181
973 512 876
612 625 513
132 476 646
436 907 625
117 996 897
426 383 994
906 256 797
507 274 362
355 666 33
444 166 42
489 354 587
779 477 628
718 975 77
736 278 19
896 254 884
540 651 420
902 772 234
667 274 908
774 282 117
491 775 268
820 379 688
79 384 443
751 143 150
567 531 82
78 91 36
586 574 379
714 195 282
123 935 299
252 912 175
443 247 539
135 351 928
937 992 25
334 378 667
732 105 580
998 494 575
280 405 846
133 40 176
578 760 696
789 223 18
710 56 1
180 217 658
224 861 628
429 504 930
351 508 798
564 320 758
357 123 775
611 46 565
370 877 661
839 839 526
937 954 140
812 153 215
223 3 477
551 828 945
228 37 580
968 593 428
97 755 893
942 172 117
361 980 340
26 359 533
506 797 80
61 71 810
36 745 828
763 333 293
143 178 815
792 7 326
507 653 17
395 42 235
568 630 924
496 334 15
748 60 99
635 959 45
60 817 502
716 592 281
594 638 445
482 830 585
800 110 276
358 844 200
751 827 276
745 214 225
809 939 378
610 384 194
35 874 687
931 669 241
302 356 583
667 284 386
665 271 768
287 239 70
907 758 975
644 249 11
398 880 846
63 691 783
861 452 634
60 447 324
547 291 78
260 383 89
159 161 742
433 207 741
879 842 37
250 281 725
915 45 800
606 724 996
695 404 366
409 330 633
928 216 12
359 914 633
797 910 643
301 252 991
854 229 301
324 523 958
7 886 706
665 873 397
78 120 444
312 371 700
214 660 422
720 717 359
563 648 910
541 114 498
835 206 934
207 111 524
277 19 910
900 598 208
130 550 276
641 47 164
979 242 508
420 910 494
411 552 21
146 547 407
548 161 219
265 763 689
398 666 349
826 503 179
274 591 576
511 399 439
536 987 495
326 498 690
658 917 650
586 117 954
957 392 222
706 975 750
948 248 246
325 20 194
4 447 681
290 745 388
188 832 263
637 662 442
642 574 22
62 530 375
317 182 829
929 680 304
88 767 597
668 563 589
612 178 565
534 590 495
572 565 185
426 825 215
802 274 824
685 312 479
830 195 512
849 300 376
350 546 683
262 87 486
472 154 23
504 574 692
223 820 602
458 506 529
573 237 33
739 902 133
403 672 44
629 9 952
790 217 682
145 35 752
327 393 512
806 224 290
690 608 441
692 544 289
170 110 567
357 726 404
66 684 860
780 780 512
918 669 914
689 698 415
101 282 91
901 455 145
463 103 161
788 328 196
291 198 989
628 280 288
400 24 249
607 971 65
142 569 534
821 288 714
191 735 952
72 599 581
787 357 604
229 55 924
801 769 135
473 395 341
640 128 661
890 690 410
297 492 365
348 833 809
30 854 788
107 226 220
287 30 300
183 666 160
644 462 508
787 827 233
924 831 290
996 529 320
753 554 354
892 708 755
155 236 958
959 197 70
219 447 870
974 90 609
669 1 986
378 102 920
384 307 908
366 135 751
427 340 382
8 586 962
973 404 557
271 536 933
745 674 377
329 358 768
685 835 197
696 498 481
519 715 887
508 183 388
461 205 199
65 258 453
652 380 369
50 554 729
794 812 388
386 16 55
993 42 932
144 781 444
985 332 841
658 718 357
952 188 234
72 257 812
631 824 491
37 839 943
688 671 594
918 916 569
630 691 491
792 628 885
18 821 326
407 640 441
149 602 51
363 513 852
121 998 451
658 101 524
337 514 807
783 270 412
64 719 605
248 724 532
369 19 510
502 700 411
568 274 950
157 681 320
864 103 941
653 621 688
522 348 263
165 902 66
165 114 349
213 144 41
603 166 588
57 126 95
238 956 70
352 103 876
771 32 907
255 126 12
221 617 169
655 625 829
283 484 171
189 100 775
994 753 880
332 81 119
332 650 589
777 617 550
713 746 408
721 679 474
387 337 870
559 704 195
912 589 58
917 798 773
867 172 789
509 54 529
517 973 605
794 181 351
853 3 186
796 840 210
230 814 234
626 804 592
976 240 953
92 574 586
196 109 611
952 178 757
966 998 350
201 415 50
162 425 156
757 10 509
343 215 32
557 97 425
958 239 682
552 918 333
213 134 564
48 142 526
786 956 92
576 548 785
390 340 425
823 609 943
268 638 970
912 631 670
79 423 328
508 173 911
525 8 48
919 441 213
163 781 130
677 338 388
146 694 611
609 95 513
358 474 22
958 117 159
94 843 726
17 399 646
34 177 943
25 882 251
819 679 432
273 843 958
703 716 87
154 413 180
916 320 277
85 474 776
15 448 594
72 205 723
98 422 14
163 966 219
535 238 662
675 286 885
420 84 891
636 13 61
43 213 601
37 835 216
697 194 10
27 624 533
733 0 402
386 20 782
911 679 32
348 40 365
588 918 290
788 465 923
398 642 668
286 387 860
69 578 96
567 365 924
997 424 142
774 125 436
213 741 919
943 213 143
877 79 587
5 304 618
56 493 132
788 95 745
882 668 956
430 803 88
261 283 638
280 667 705
295 119 47
813 422 941
948 907 690
68 858 886
106 492 806
35 43 358
396 46 376
713 775 816
815 13 292
557 781 551
16 224 34
876 934 598
101 273 614
638 819 123
410 30 889
562 554 795
738 637 133
907 203 708
581 117 10
823 287 128
704 578 751
84 171 891
777 0 717
836 310 526
917 442 799
56 312 770
802 849 45
382 251 678
283 522 56
835 823 767
221 485 169
69 222 122
884 50 538
501 568 411
826 346 498
326 944 638
207 884 38
644 724 367
278 531 564
617 369 349
998 124 398
719 661 129
675 325 770
384 477 793
247 445 328
887 475 359
932 526 178
19 744 556
670 538 322
863 859 110
558 994 461
897 927 947
57 340 591
84 894 902
910 25 901
508 396 885
351 640 798
631 639 402
535 893 380
537 56 714
530 266 125
486 717 484
43 977 638
258 541 356
500 858 678
437 736 154
630 521 606
802 745 454
571 53 530
123 171 262
451 283 197
467 110 443
854 666 772
479 286 381
629 573 695
207 82 116
687 106 850
660 299 231
21 510 519
50 606 819
76 207 277
630 900 261
596 613 178
807 304 201
375 489 497
498 969 193
244 414 366
222 118 132
217 914 359
10 571 172
456 317 300
587 65 865
690 437 556
682 72 747
887 304 474
940 605 447
323 282 639
713 737 931
569 734 516
440 809 728
104 80 603
575 46 608
568 183 976
319 328 447
238 733 96
132 452 965
243 680 952
677 48 121
80 702 532
545 738 612
280 401 119
659 142 550
777 118 513
636 606 212
753 321 903
477 359 11
935 903 637
136 664 290
326 142 717
837 414 118
776 683 843
365 857 762
146 86 255
155 493 90
891 813 933
481 536 177
779 801 53
262 481 344
890 387 525
23 304 890
176 253 988
527 420 252
600 724 51
931 854 330
725 396 488
965 457 287
680 791 617
136 246 750
847 748 910
105 621 665
275 54 654
373 894 420
543 118 639
948 224 565
630 497 925
134 110 609
209 797 204
179 46 773
101 928 332
400 418 108
564 728 820
567 721 898
213 595 715
747 217 366
778 421 398
516 87 46
257 120 675
838 484 552
716 806 778
823 26 269
590 775 227
845 336 707
504 399 81
946 942 435
804 696 505
686 221 505
818 82 140
397 970 820
162 663 334
879 965 560
689 670 7
201 300 395
122 475 733
960 713 451
286 296 886
428 225 727
953 899 182
680 145 376
325 442 461
198 255 228
905 147 479
663 277 104
18 85 698
65 191 160
345 797 120
470 796 123
463 763 606
273 12 628
610 646 53
138 60 75
486 954 662
94 434 663
760 563 189
47 324 474
897 913 743
87 540 483
294 618 84
52 752 436
676 35 503
991 855 917
141 290 330
641 393 660
305 804 86
88 145 38
640 195 954
881 5 371
836 334 207
389 459 807
944 113 691
413 925 339
276 71 999
135 797 876
863 835 429
58 790 680
859 923 849
629 796 669
0 968 845
801 403 684
448 72 872
583 320 443
558 244 629
978 993 927
118 307 44
333 692 615
512 46 606
576 363 696
332 504 386
254 221 713
625 724 681
420 345 750
583 305 239
955 417 489
214 5 704
116 916 986
757 850 316
993 882 739
253 127 598
246 735 595
893 589 373
573 513 96
892 931 729
446 881 130
234 298 797
507 852 310
331 148 412
45 805 167
549 18 156
674 415 744
502 201 374
355 457 263
820 204 77
593 587 942
684 916 694
559 125 247
607 524 117
889 663 588
603 34 589
788 727 782
375 451 612
784 165 234
732 81 898
960 110 822
105 635 869
766 444 752
766 368 982
270 442 818
927 273 827
959 832 833
336 643 667
687 291 939
883 559 52
163 928 334
800 504 135
573 650 823
393 200 502
924 475 316
219 841 729
281 747 616
987 331 254
759 421 712
24 133 419
562 340 298
263 258 370
456 147 415
590 751 546
267 791 510
903 472 490
7 953 999
83 310 228
607 144 462
486 246 855
210 930 204
218 629 818
173 573 273
715 80 627
430 950 292
493 123 691
971 871 45
269 542 269
57 971 628
625 292 937
294 594 402
782 347 182
149 369 599
573 265 441
928 562 508
742 990 911
552 538 678
919 141 469
875 52 765
683 438 198
535 53 573
399 115 223
359 900 429
738 889 515
459 168 900
279 136 120
3 139 70
175 102 58
663 553 167
167 512 348
467 504 302
672 465 693
480 394 700
68 226 849
349 528 338
458 890 911
157 614 27
700 638 762
718 372 448
361 101 648
238 286 148
102 153 232
980 128 853
100 402 473
48 969 129
811 851 545
528 661 570
146 72 51
462 261 429
803 919 479
955 669 871
331 361 909
402 174 594
105 844 639
760 169 331
336 823 29
846 573 298
205 763 101
505 124 18
525 208 341
696 38 329
663 690 894
73 703 173
223 198 43
484 159 77
529 409 188
453 681 196
792 405 911
868 266 903
465 961 313
265 0 652
965 54 951
389 730 143
908 207 849
574 991 592
553 172 641
146 641 522
885 747 281
581 924 658
457 303 96
917 850 862
354 462 990
449 940 501
115 243 923
379 837 549
791 359 159
667 406 908
186 711 326
7 108 466
77 904 21
183 433 709
192 971 544
442 390 602
18 242 379
860 225 519
374 11 1
603 413 243
197 674 354
586 773 672
460 879 847
542 194 409
77 434 392
345 958 528
544 843 790
908 900 452
290 37 581
165 931 474
75 692 110
404 504 300
126 401 518
309 41 994
161 412 538
319 974 688
286 990 489
764 451 89
417 709 647
9 282 491
879 357 204
611 716 487
632 311 250
533 325 495
118 482 656
943 583 320
708 741 713
126 662 377
95 591 344
754 795 672
818 627 929
17 992 797
159 433 79
483 2 396
217 360 92
793 353 822
286 519 860
580 65 507
278 862 857
819 561 636
231 229 950
308 170 853
825 675 650
419 840 60
127 927 376
621 746 808
123 156 58
582 487 187
195 214 789
901 298 464
555 806 818
922 201 839
558 443 922
398 913 4
130 540 799
161 782 716
133 210 61
61 873 731
356 859 990
879 993 968
239 25 289
688 870 886
530 688 392
712 880 994
382 436 767
725 936 551
468 944 913
981 664 189
444 711 831
837 812 704
82 876 557
609 71 832
665 888 601
892 447 896
683 613 809
807 119 112
743 30 722
78 936 569
599 41 511
491 281 958
474 251 278
89 414 764
927 890 660
140 147 853
139 353 482
596 589 497
311 923 826
32 644 432
779 159 539
544 65 550
481 227 956
734 94 516
487 735 828
538 45 650
338 740 922
704 117 599
630 886 57
587 867 787
246 204 10
226 509 795
355 818 964
72 675 352
396 663 209
412 636 659
396 478 120
178 5 747
908 848 363
549 664 396
446 937 946
521 937 274
300 352 442
751 594 825
24 123 941
799 476 313
327 830 983
491 499 205
94 905 292
936 860 25
148 469 51
381 0 882
805 291 583
730 795 42
194 343 648
749 771 46
134 518 672
841 819 985
517 712 746
980 930 774
207 6 346
623 682 655
950 18 935
284 422 604
988 70 395
89 885 393
572 15 645
164 167 438
30 892 673
867 746 10
543 735 471
320 81 792
902 758 30
857 104 582
942 294 640
255 354 713
661 487 461
691 308 697
944 744 728
282 394 783
811 25 942
951 146 208
253 549 865
588 748 405
248 131 380
598 170 370
798 766 580
191 274 800
506 616 718
209 170 894
231 476 605
695 394 889
883 981 318
912 432 377
459 206 785
160 489 308
750 694 276
881 992 382
336 26 834
809 22 801
151 965 892
77 249 303
446 672 360
923 566 290
239 988 618
443 48 246
826 133 1
482 355 229
722 246 143
796 398 989
376 778 178
324 16 53
84 613 112
390 591 807
485 257 918
0 360 489
786 63 197
960 428 911
456 593 363
146 286 548
41 556 957
102 823 154
836 139 641
878 567 560
193 235 329
149 107 740
903 828 464
582 833 684
128 637 109
920 12 610
222 394 195
416 984 710
841 538 195
208 931 790
599 488 459
826 541 64
865 259 622
460 903 529
782 351 909
614 552 883
295 147 455
167 896 730
912 826 236
511 608 209
934 871 88
230 12 313
643 445 163
414 255 418
378 820 204
901 625 30
684 47 480
602 993 777
84 73 50
195 462 444
897 320 591
934 477 229
61 698 120
131 766 913
374 409 587
792 586 273
921 975 939
41 210 460
15 842 453
407 156 608
792 31 7
263 352 485
943 888 791
825 185 91
929 87 152
867 196 470
312 1 522
153 124 499
125 491 492
666 982 715
373 343 880
995 571 932
193 909 978
321 778 535
221 684 462
529 148 329
310 245 37
299 520 187
126 338 951
23 841 225
361 656 915
462 90 544
688 248 327
616 721 182
96 409 396
710 730 649
496 519 104
347 938 987
125 297 926
936 243 192
395 545 413
369 836 635
161 122 271
900 996 794
519 478 709
29 603 992
707 433 101
177 158 287
520 382 8
111 166 209
936 24 945
764 650 382
719 267 270
862 755 518
604 138 180
783 717 360
15 134 646
105 4 833
892 917 525
239 10 85
423 623 368
938 853 688
994 919 38
351 99 735
10 532 287
942 988 243
728 32 591
656 714 217
487 744 306
708 974 164
118 991 170
794 613 95
98 374 652
963 141 785
625 957 132
223 32 885
844 489 247
702 466 291
507 250 681
826 726 153
119 401 159
771 436 243
12 574 313
353 459 849
835 296 908
582 818 480
226 874 246
524 351 404
702 773 903
537 635 661
436 660 970
573 426 849
396 70 57
168 767 871
871 900 495
510 528 299
230 444 57
232 177 861
132 68 584
673 506 718
195 709 99
921 762 442
200 866 725
889 910 243
142 355 37
168 777 348
165 655 411
692 388 608
783 707 883
295 280 454
304 45 776
242 387 544
859 753 964
516 851 82
302 464 902
202 879 342
724 448 577
796 345 900
896 264 361
488 103 792
605 748 677
992 171 791
791 715 133
329 159 475
636 265 442
412 684 21
616 352 4
9 121 84
970 890 976
571 476 797
762 738 215
796 621 962
989 320 191
972 257 353
745 218 952
484 358 369
47 153 589
401 502 746
2 914 169
900 588 731
690 133 85
625 117 326
470 967 8
428 629 63
868 489 877
637 69 290
390 947 780
961 556 184
664 731 920
263 798 433
177 81 517
824 765 624
100 426 155
893 166 106
145 600 496
657 770 446
576 377 900
430 200 460
147 836 88
307 954 430
249 804 443
829 586 231
117 640 923
70 268 875
55 982 691
720 969 740
701 950 124
90 187 64
220 366 373
895 753 921
686 629 568
701 741 354
764 413 204
928 130 764
350 783 861
450 280 56
157 852 205
694 903 403
781 72 705
242 687 288
115 423 286
335 876 118
523 9 634
2 74 363
781 651 653
316 691 343
19 720 875
181 468 453
863 821 225
474 304 367
187 572 990
628 133 84
352 288 965
456 987 221
473 964 812
821 127 306
203 142 128
71 111 608
963 151 262
868 77 88
175 567 936
233 280 453
117 57 249
144 743 559
334 848 296
625 249 325
108 58 476
83 718 290
816 477 585
526 501 748
39 999 764
101 64 844
389 682 781
120 534 159
709 388 880
732 205 31
810 311 482
3 21 274
122 622 937
235 388 185
486 480 306
236 102 645
131 358 850
476 192 853
975 487 608
975 735 264
102 538 614
154 574 587
220 765 959
140 765 686
215 385 359
71 533 875
167 3 834
895 170 247
658 485 906
715 750 549
381 627 192
140 186 738
267 316 155
593 635 304
602 898 76
521 491 327
262 690 114
285 226 452
714 380 371
395 792 68
317 747 573
54 679 807
833 122 883
308 801 890
712 234 753
544 791 701
86 754 980
709 555 38
654 146 332
495 311 920
709 607 127
405 637 300
354 723 849
295 308 862
882 417 575
416 942 98
987 555 228
118 88 797
114 343 375
675 87 592
137 681 634
792 415 388
30 446 725
749 158 940
395 559 617
891 666 729
176 856 617
702 584 87
571 946 426
188 704 990
282 879 616
239 632 645
133 30 698
886 381 244
707 423 624
94 235 371
171 623 221
778 819 984
418 788 557
995 871 676
504 389 604
246 209 736
810 586 545
896 696 105
638 149 201
958 525 222
371 112 39
833 711 308
510 81 351
508 629 336
16 319 735
286 966 808
345 379 580
749 605 888
295 475 20
213 999 51
323 899 472
6 398 733
213 11 41
535 262 343
117 227 133
45 349 742
19 545 263
13 421 772
931 408 382
36 176 357
905 29 683
480 816 967
903 999 349
140 433 393
436 10 3
268 686 332
110 651 42
785 249 872
768 225 919
244 438 47
241 910 262
772 952 625
510 158 121
894 13 566
51 644 118
169 700 578
496 719 397
952 819 271
91 603 994
129 679 135
833 697 104
808 374 634
919 787 710
600 913 866
545 529 842
36 546 535
548 916 778
163 510 794
977 961 378
260 607 63
703 944 788
193 259 10
675 510 859
525 863 59
17 347 557
710 663 356
613 614 449
138 430 252
477 111 356
395 127 873
15 961 249
496 125 245
121 342 733
329 50 156
528 315 74
610 266 398
282 39 809
10 784 669
40 339 320
201 367 688
459 610 121
738 271 682
246 613 73
154 365 817
209 787 727
462 251 951
248 345 877
601 268 626
789 360 745
151 908 76
350 214 390
673 520 922
132 267 876
717 701 600
894 52 451
589 604 342
970 482 913
750 908 773
876 369 854
392 148 999
352 905 797
523 218 404
481 512 496
568 260 746
725 737 258
667 8 323
325 637 27
204 450 739
805 353 149
663 82 538
99 308 359
448 542 501
466 162 532
914 777 288
992 627 217
374 53 613
131 829 479
721 33 233
390 810 54
809 715 404
127 442 543
736 73 976
115 912 845
961 950 43
587 653 290
358 227 367
800 57 187
374 224 498
246 603 595
632 433 773
446 254 820
977 253 571
885 339 218
523 912 7
791 558 452
347 160 747
225 376 795
299 405 531
15 235 97
526 905 85
433 203 14
235 834 133
912 645 874
866 942 162
310 620 941
146 840 814
362 205 240
87 872 775
647 166 904
61 56 606
972 523 939
297 639 569
989 335 395
685 797 312
722 75 259
756 760 928
337 865 55
465 291 391
967 660 721
841 406 196
897 515 157
516 495 109
88 966 890
30 826 380
783 47 438
950 184 93
935 110 192
436 509 39
403 107 301
166 185 782
842 884 692
558 362 425
222 289 17
919 564 736
29 143 840
408 259 200
829 216 53
284 13 542
483 264 255
273 881 843
457 796 796
56 863 309
933 135 459
578 91 774
303 150 954
279 938 41
513 155 925
422 871 23
18 455 875
674 872 169
228 285 235
617 52 260
796 749 236
898 428 910
206 610 561
856 494 301
103 593 844
828 506 320
986 503 725
891 590 959
958 672 426
608 793 843
628 954 936
886 248 244
903 657 579
285 435 222
601 823 892
45 482 741
651 447 662
220 998 410
184 289 646
996 72 895
630 852 899
234 113 709
760 933 367
653 893 24
991 495 217
936 233 715
794 224 963
997 637 638
875 285 216
830 889 115
825 276 65
367 770 929
392 552 335
854 847 134
6 607 503
20 444 812
26 369 10
822 354 421
789 137 771
0 113 834
477 505 215
265 588 77
52 82 514
951 896 41
361 509 711
428 16 957
536 740 839
69 411 938
435 144 588
426 986 623
482 976 788
774 951 39
969 844 224
268 832 536
196 308 903
944 569 116
816 41 114
141 451 738
371 811 368
93 47 141
966 542 925
770 831 688
832 422 627
523 432 901
306 466 456
976 853 59
786 738 845
79 238 239
557 582 258
472 514 723
498 760 423
358 635 430
49 313 411
335 164 170
8 212 58
700 477 355
599 673 548
22 746 111
901 8 197
133 124 813
394 137 936
277 992 716
815 753 648
581 397 799
403 69 416
389 65 948
399 684 694
188 414 723
105 66 399
601 93 14
99 692 740
387 162 259
328 326 219
511 256 962
603 428 447
692 611 582
950 559 998
29 414 177
681 662 758
482 174 867
408 340 696
403 686 248
142 792 508
757 418 572
446 577 246
955 626 259
250 898 557
364 199 904
390 325 221
488 507 128
291 748 529
398 656 872
928 310 126
212 64 130
458 306 236
40 761 586
244 652 544
727 137 769
369 636 343
42 266 690
454 803 719
889 283 933
210 351 256
441 452 168
777 816 843
721 564 818
453 709 604
795 498 440
853 401 772
152 176 588
960 291 185
67 759 44
312 105 114
587 639 86
921 106 725
872 823 724
711 363 612
792 439 70
113 487 438
913 635 811
379 642 983
508 221 273
730 349 94
188 424 200
448 466 731
529 769 889
769 238 537
655 178 881
712 248 957
590 698 457
632 73 72
158 936 842
348 780 720
160 265 334
342 851 795
404 149 326
147 380 663
109 926 105
821 473 803
287 229 593
148 683 547
726 793 487
412 584 570
322 805 357
390 330 948
1 981 462
559 732 602
752 907 187
261 482 930
35 437 216
225 334 183
579 987 810
339 465 859
920 211 903
51 387 985
342 928 565
738 34 505
249 595 673
572 342 211
410 92 455
294 884 669
502 899 704
391 472 425
81 126 725
943 165 780
850 774 146
241 317 110
6 883 566
736 254 338
243 544 225
355 789 556
254 862 227
843 713 221
859 107 723
996 752 294
192 849 21
523 494 467
625 340 300
594 890 827
195 210 62
562 773 42
414 378 940
590 489 687
439 69 373
501 553 207
80 265 61
866 671 825
19 336 493
450 242 171
138 866 723
511 266 440
139 524 367
94 326 345
284 616 170
639 505 175
730 932 768
834 383 156
178 545 810
687 553 798
145 415 407
891 258 666
910 799 414
600 947 25
530 165 674
170 149 452
320 266 881
524 274 634
651 106 893
142 924 507
634 816 568
769 262 218
46 182 997
698 459 10
510 371 618
16 822 912
521 647 8
918 717 276
274 685 691
74 839 900
348 557 746
805 173 787
377 468 957
402 781 949
875 299 420
953 87 783
135 361 405
85 90 394
721 403 411
554 712 703
763 214 497
775 181 666
263 25 919
475 607 252
88 212 331
888 569 474
496 600 601
575 269 582
668 155 527
773 55 2
436 105 703
144 359 177
292 890 6
171 399 247
97 978 867
91 480 471
931 199 612
884 828 778
106 962 435
848 377 146
537 265 484
376 792 382
102 105 870
104 488 665
975 141 112
712 35 460
623 469 159
135 413 494
190 888 493
246 351 214
249 396 380
249 857 532
539 149 242
838 902 92
89 899 597
984 315 496
395 621 183
544 668 178
787 239 808
108 885 79
459 467 644
799 685 83
732 945 386
968 716 951
689 528 530
454 381 452
345 564 669
14 64 213
936 34 422
11 76 862
252 256 457
770 593 510
785 653 208
869 118 113
338 959 169
623 65 823
932 240 637
626 605 299
503 927 526
978 633 226
588 130 572
687 776 772
172 455 477
291 810 95
208 926 63
308 393 827
84 262 865
329 344 564
247 75 151
993 892 216
839 868 933
849 903 5
7 872 502
842 633 310
874 603 891
613 11 820
287 885 311
118 559 426
926 625 661
373 144 587
60 53 465
26 782 800
845 161 95
245 314 915
930 973 712
894 76 132
805 737 531
752 607 443
919 972 799
722 89 463
648 995 648
372 487 943
825 461 153
576 680 785
129 222 710
279 164 527
487 218 447
281 153 464
548 954 663
477 87 675
489 140 91
735 174 427
610 252 194
585 100 610
591 224 101
316 326 892
747 231 570
263 784 229
849 694 235
719 414 474
474 935 404
989 729 254
319 565 625
730 207 617
94 696 522
313 660 381
653 237 306
96 291 600
722 118 870
28 899 10
94 658 637
861 281 749
541 731 331
409 838 147
992 442 128
306 798 749
969 217 914
962 284 848
330 884 627
947 732 79
634 485 276
844 451 362
869 617 150
444 389 16
104 897 728
455 328 363
588 102 164
434 482 218
850 812 31
799 58 773
786 263 490
629 179 836
820 232 484
948 461 742
706 800 138
29 229 88
661 972 294
800 371 135
316 758 636
342 548 910
121 936 885
17 546 850
349 884 312
40 325 116
523 470 786
899 703 387
556 796 755
874 138 13
807 883 149
70 619 122
982 786 711
588 601 201
988 691 955
222 307 948
647 483 993
544 260 116
856 233 442
731 837 68
955 641 463
428 989 763
781 305 157
178 754 580
170 163 656
675 728 106
312 504 700
569 748 719
480 850 125
651 733 203
969 635 454
106 122 628
602 86 678
100 164 296
147 337 51
313 636 700
522 557 33
281 756 93
485 870 24
781 96 387
222 84 974
564 700 412
587 468 201
636 188 672
776 513 958
783 702 156
874 328 828
756 847 175
237 182 556
797 288 84
336 552 693
770 199 652
733 621 961
169 648 489
819 993 380
404 177 734
664 138 768
238 39 493
396 667 935
338 527 425
531 89 904
175 301 351
430 347 663
426 431 356
117 678 808
373 747 216
220 590 347
204 227 765
328 117 449
752 275 150
636 18 787
612 193 769
65 614 427
716 3 857
626 144 147
343 571 6
203 541 713
676 6 95
902 534 56
937 745 370
865 639 277
456 935 132
716 767 893
291 13 900
900 389 438
811 705 341
243 719 837
767 354 778
914 13 251
284 830 667
77 813 47
602 941 688
768 353 192
738 456 771
742 853 185
341 857 132
173 33 210
636 3 583
753 369 265
184 746 71
284 962 667
938 155 359
788 280 834
637 292 264
370 89 943
503 718 756
732 133 987
31 341 547
412 489 455
507 89 273
293 922 554
734 464 694
554 854 180
251 599 813
173 782 43
474 503 660
673 544 603
105 977 639
874 20 217
831 489 920
742 975 707
771 203 792
970 700 160
821 36 332
425 560 215
461 337 199
617 227 872
441 320 169
696 76 214
496 572 193
692 981 760
909 116 875
726 884 461
47 38 934
133 989 301
824 789 305
756 979 175
118 682 949
121 775 477
891 837 614
847 126 350
366 776 265
446 885 857
597 474 841
52 557 870
45 345 15
225 833 220
323 676 498
855 352 824
378 97 193
95 985 203
586 598 61
86 645 661
968 925 721
194 752 711
371 602 598
1 558 196
246 617 799
973 575 442
564 315 31
201 998 724
327 275 716
677 52 848
286 344 248
122 660 822
696 62 10
919 640 506
379 220 716
304 938 671
385 951 562
898 176 528
168 805 756
184 931 160
517 171 683
307 575 775
855 348 97
40 946 675
513 378 899
303 251 405
158 765 957
559 295 132
276 859 716
256 381 534
135 137 431
563 372 847
788 845 578
950 659 449
856 418 531
981 392 852
476 293 304
540 320 127
24 394 278
756 352 865
321 987 305
365 596 903
279 534 705
234 982 923
629 806 146
208 808 267
252 95 50
451 155 923
315 455 752
987 924 406
511 646 94
67 854 745
238 248 263
829 984 816
701 333 291
315 416 866
970 345 187
12 303 976
787 234 82
919 365 443
721 878 766
835 885 333
266 226 767
71 362 990
618 487 145
766 454 229
282 603 553
939 225 792
420 687 520
54 850 692
662 12 105
785 891 386
297 478 161
919 982 276
586 389 291
284 355 311
242 363 863
551 182 704
423 110 127
723 368 666
689 357 646
524 731 59
855 191 416
408 497 377
964 800 643
917 243 506
268 30 614
772 568 243
388 403 577
426 232 63
10 965 31
591 646 368
218 235 960
593 136 267
148 825 24
566 19 427
543 773 356
265 369 830
934 463 25
245 247 622
745 489 288
283 313 286
526 131 571
552 106 934
875 693 279
31 972 584
228 645 935
595 718 356
640 954 263
111 578 998
478 220 675
795 697 733
497 296 130
424 665 393
317 415 280
753 739 443
350 20 824
598 132 485
719 428 678
441 714 27
959 643 18
444 118 680
849 447 580
68 910 975
279 820 245
116 99 860
954 813 934
176 448 554
101 49 640
338 171 452
22 604 634
612 596 105
558 153 655
183 257 97
789 422 311
309 905 482
866 709 711
982 378 648
319 803 803
208 337 638
608 500 436
235 61 620
357 555 519
138 367 686
879 40 116
459 244 670
178 43 632
16 5 787
226 826 884
511 389 962
543 512 497
80 308 673
188 467 812
525 654 289
329 135 794
900 351 553
96 486 166
977 985 59
524 973 964
555 370 347
803 625 72
926 544 164
311 448 470
764 912 241
702 403 725
54 256 540
792 192 414
549 587 626
590 722 138
984 932 329
853 624 746
806 988 327
960 452 592
122 209 147
193 734 366
111 152 5
618 240 490
438 80 436
379 628 779
66 869 949
353 824 300
811 196 827
902 510 375
161 4 475
485 476 165
406 940 185
544 567 727
891 851 818
601 254 422
739 138 97
970 83 328
190 418 864
32 630 228
354 472 467
817 163 637
765 797 585
488 692 217
63 492 490
796 393 262
708 964 687
748 943 517
363 261 470
931 792 763
939 326 243
77 239 826
916 281 391
684 702 197
727 688 309
9 44 313
80 346 558
589 263 572
335 563 756
632 496 339
208 385 1
136 611 201
525 459 723
366 159 432
365 55 840
793 139 325
618 871 526
589 803 635
303 241 928
286 704 949
621 129 975
357 370 430
875 208 446
98 845 281
948 802 512
911 736 848
499 28 935
907 127 938
508 197 592
89 16 179
305 386 546
352 991 45
684 33 276
225 770 654
71 348 786
269 679 996
792 453 274
992 983 190
432 559 574
636 805 505
906 95 390
210 783 0
294 452 925
488 99 65
652 210 484
907 611 771
827 820 268
193 36 36
903 11 338
689 143 149
841 36 18
907 929 860
978 30 597
190 826 926
512 245 899
484 543 458
497 39 998
610 778 53
391 619 628
16 214 557
721 802 996
608 884 817
436 708 332
564 68 376
953 913 386
572 973 248
543 578 790
938 232 129
241 506 926
581 777 454
327 669 575
114 552 145
194 168 36
580 260 73
135 560 698
432 982 841
126 386 314
667 682 971
675 903 718
98 427 741
996 557 728
549 820 77
428 999 241
615 617 590
621 798 897
245 91 941
368 48 918
925 137 687
47 547 448
336 444 374
588 800 494
569 762 923
646 646 10
864 782 340
146 324 433
284 763 374
423 348 305
246 788 684
577 628 696
101 904 651
683 860 464
178 632 57
401 241 887
87 735 49
352 535 620
722 877 180
989 914 343
271 916 588
626 120 466
361 680 596
154 151 321
79 224 36
723 577 436
973 327 787
641 232 253
957 37 248
583 149 558
976 411 838
611 939 461
621 547 515
101 520 269
632 890 198
660 27 895
18 9 928
588 510 227
706 158 624
743 500 352
346 707 146
384 83 934
575 910 96
107 819 372
360 823 659
734 171 286
289 864 770
425 683 738
789 531 630
321 170 180
161 388 857
717 216 767
898 400 502
286 320 567
169 278 311
436 437 996
731 419 528
309 298 126
666 612 538
642 996 289
321 492 995
394 294 617
561 474 884
188 652 901
207 728 357
740 407 823
468 930 709
868 922 621
83 348 113
906 935 196
661 355 461
646 96 471
858 222 378
536 195 50
378 510 983
895 383 743
787 224 604
963 876 414
97 688 600
773 600 792
319 390 13
866 325 329
45 174 130
764 270 727
894 930 143
146 955 470
297 715 339
76 591 659
774 733 792
534 352 317
673 753 373
559 523 832
837 470 934
205 321 880
462 840 376
964 235 900
168 354 81
599 103 77
618 900 934
808 360 430
811 419 801
986 412 751
782 389 794
528 253 507
54 940 666
975 801 556
806 371 494
760 568 916
853 31 594
821 336 76
910 471 848
193 326 303
51 686 729
21 325 430
61 726 528
922 239 724
620 205 745
879 348 727
195 894 188
156 155 461
163 743 245
29 798 558
509 856 451
85 969 86
167 687 960
462 640 83
459 377 670
970 729 568
241 321 837
540 101 880
684 284 657
663 860 779
806 870 531
795 484 236
150 254 944
409 197 633
246 355 940
60 461 528
467 451 213
645 1 356
506 763 922
398 680 553
305 139 890
305 425 431
655 478 625
108 306 131
233 427 657
675 743 310
913 644 288
675 258 477
205 924 509
674 202 247
579 725 951
85 157 687
644 253 738
727 85 680
73 494 403
380 376 397
3 405 655
792 691 451
620 889 871
508 339 69
167 89 81
334 663 207
144 87 841
696 513 685
699 145 62
197 660 151
10 390 810
613 719 627
145 21 548
853 41 72
570 182 390
332 95 323
653 698 458
915 724 199
142 963 392
916 295 595
565 546 872
815 952 941
907 730 567
85 707 227
591 569 597
903 78 631
917 219 825
720 532 270
907 981 949
761 382 241
32 791 636
586 151 113
194 999 366
244 756 136
879 386 612
398 443 375
43 137 831
572 29 849
604 114 499
465 476 480
547 413 601
721 389 207
443 617 717
214 427 971
277 437 450
592 740 482
788 28 452
912 655 351
980 797 774
325 72 283
171 983 922
470 155 609
265 208 422
634 461 595
807 33 865
631 625 198
960 737 132
632 419 569
126 638 695
257 314 242
809 108 49
432 360 281
973 380 876
52 781 844
834 188 590
527 842 518
422 229 509
816 7 956
565 357 57
389 944 640
950 359 705
652 133 714
219 63 489
601 414 830
183 418 505
363 631 648
347 306 951
692 188 315
125 715 466
762 689 853
950 227 705
886 133 589
875 100 127
663 106 220
928 624 74
31 118 573
809 255 252
470 577 876
909 980 363
351 23 965
922 609 902
746 161 136
548 123 334
907 597 567
306 404 890
780 187 361
791 914 425
249 619 354
457 94 326
769 248 14
760 354 419
691 716 760
681 40 198
658 442 294
607 538 321
930 760 215
614 168 501
243 111 481
361 471 826
835 714 448
32 805 840
272 602 639
541 931 623
130 777 977
677 470 388
797 857 554
110 19 5
767 486 778
763 124 523
807 242 635
550 155 882
96 438 804
448 751 271
321 478 791
96 82 830
251 817 61
470 287 609
444 706 105
47 447 997
227 361 5
542 299 587
192 431 481
466 808 772
93 455 204
238 699 938
143 241 382
617 669 93
595 115 727
208 717 293
782 413 475
492 845 702
972 642 735
467 912 364
997 969 931
832 408 423
177 765 643
713 917 293
732 746 94
456 617 44
814 327 241
840 89 107
404 595 274
849 485 465
622 655 834
358 502 430
619 990 322
109 993 398
163 363 590
437 143 2
185 655 97
246 156 647
607 344 755
471 681 468
179 332 313
174 692 69
176 618 439
263 613 344
800 665 543
858 246 60
14 107 824
718 178 882
304 449 112
307 978 111
610 204 832
158 485 168
992 404 243
606 643 499
719 400 270
895 934 283
996 159 142
41 238 868
279 767 156
280 258 642
696 275 507
868 869 532
883 772 548
920 468 35
385 334 730
242 17 366
28 348 470
440 377 984
718 401 856
113 866 93
849 290 899
566 427 490
234 507 567
758 404 368
522 191 582
423 917 775
376 636 701
417 210 610
625 16 874
887 650 971
558 401 310
654 84 766
943 398 232
899 494 617
544 459 408
864 905 863
801 413 161
527 16 916
914 739 403
82 719 877
400 384 950
852 283 976
321 474 65
367 44 777
167 853 118
461 954 32
229 749 527
38 151 90
95 159 600
860 609 901
165 328 845
378 805 0
218 615 614
140 632 686
30 931 558
576 495 696
808 621 290
437 541 588
664 6 768
587 615 405
853 848 720
829 7 283
617 801 93
68 260 8
26 112 878
129 62 302
934 429 867
392 975 602
655 397 128
805 898 939
202 238 828
688 818 797
903 890 30
474 332 775
47 533 244
813 617 507
766 862 292
159 370 512
636 474 212
841 814 258
971 780 71
622 180 478
981 22 675
501 3 667
945 402 372
860 605 174
301 655 327
410 880 173
123 185 466
482 749 88
238 908 708
974 232 86
52 909 117
616 133 757
146 931 789
679 411 962
769 708 166
790 502 222
144 729 355
59 552 502
67 778 975
818 481 726
690 807 734
797 421 84
933 202 752
599 473 255
966 186 951
815 331 381
266 512 307
599 478 982
755 652 609
693 624 200
933 558 726
368 319 254
378 601 957
166 170 578
170 571 718
701 504 176
151 358 536
90 727 126
89 429 968
625 463 822
962 859 69
474 227 597
663 699 371
24 959 21
395 583 298
145 561 611
596 865 559
983 168 292
269 333 499
466 148 328
18 702 531
908 293 96
51 696 207
436 77 296
88 553 101
949 147 794
789 189 860
167 634 871
248 93 495
432 175 192
391 239 973
830 827 549
135 337 724
708 532 943
0 165 923
718 187 359
998 650 256
590 276 190
958 501 541
952 230 846
906 517 656
556 834 640
218 192 348
919 578 940
60 214 873
255 92 854
524 982 441
370 441 191
540 637 216
667 392 704
84 485 839
687 947 657
580 829 543
434 966 51
599 910 726
220 931 117
736 652 923
262 286 778
786 524 349
776 237 895
831 380 601
795 868 618
837 10 782
134 252 86
537 868 113
414 796 480
814 108 993
927 705 571
344 703 5
320 674 943
117 280 222
543 94 957
861 870 174
655 586 943
688 234 123
185 422 646
283 104 516
79 987 72
486 926 254
60 186 465
562 958 131
850 935 553
529 803 47
144 59 433
743 675 963
96 514 574
85 342 776
62 953 642
561 930 309
432 792 25
43 607 460
896 55 591
589 856 724
336 837 233
177 741 962
478 282 241
647 992 507
885 325 14
290 270 32
723 382 870
279 572 590
80 137 788
687 771 45
561 522 246
955 693 552
791 373 363
608 803 320
430 584 841
295 755 810
117 218 656
986 859 699
976 463 927
99 706 944
855 6 327
758 579 979
361 257 329
399 300 312
22 946 404
150 420 102
860 420 85
387 62 807
482 948 381
761 163 994
408 934 848
446 686 564
463 331 862
315 246 982
707 224 331
985 827 151
28 718 648
840 93 834
400 864 56
226 257 413
552 510 270
296 412 454
448 888 998
305 149 368
109 979 194
417 262 699
430 594 318
196 940 940
888 987 14
763 409 63
922 462 698
267 710 14
872 21 803
468 19 469
667 877 537
622 427 133
318 220 128
429 637 930
499 38 412
413 555 162
668 933 767
813 603 304
712 59 142
934 676 522
497 87 360
171 452 336
301 384 991
490 50 117
310 445 330
774 272 640
400 788 286
320 897 917
237 415 7
924 778 201
521 296 761
248 306 992
183 209 735
133 965 620
573 304 326
868 684 443
439 701 410
642 682 341
87 858 572
740 640 274
169 400 833
585 256 291
566 333 375
759 839 252
937 901 51
82 283 406
866 448 851
556 426 577
686 207 301
306 96 279
451 943 641
909 558 96
500 948 652
415 50 788
633 314 391
827 175 27
664 570 512
625 287 210
805 723 327
841 329 425
35 305 217
626 158 351
656 320 358
645 950 481
684 707 924
939 501 855
281 704 4
44 677 894
457 397 210
812 785 252
474 57 712
800 916 925
435 789 829
280 904 883
723 640 2
728 141 910
977 54 278
863 294 366
139 562 252
250 334 814
429 832 496
264 537 574
917 428 595
465 368 161
461 209 926
689 304 556
920 720 417
201 590 662
841 135 859
79 475 417
53 44 629
519 240 531
318 942 139
828 102 984
6 189 963
443 850 168
19 905 964
588 772 86
682 528 172
475 597 775
909 310 441
717 463 422
46 220 882
393 176 821
75 929 288
359 516 48
630 307 110
990 234 944
648 688 36
538 278 102
834 952 626
628 85 722
296 977 198
779 368 309
913 108 952
843 395 132
324 153 780
276 650 946
103 209 462
556 450 258
273 273 488
918 128 851
327 602 282
481 488 815
141 90 37
1 340 948
555 716 844
430 333 459
687 154 212
56 222 795
177 134 606
991 864 394
548 375 716
672 873 755
282 627 234
679 815 298
118 506 337
688 409 735
997 452 550
886 200 882
882 716 319
366 539 87
307 484 801
48 798 244
624 592 681
298 834 135
141 109 968
572 210 211
0 517 170
262 548 637
673 98 655
711 786 879
993 659 765
169 292 515
34 158 13
792 890 744
439 559 933
412 57 711
126 362 632
12 89 480
696 436 915
680 700 643
74 616 926
144 296 611
947 381 832
732 604 616
804 804 824
958 330 656
23 262 278
545 292 664
501 184 30
393 594 361
610 807 461
73 532 288
749 984 543
889 450 92
760 919 163
591 214 624
385 149 641
932 84 956
393 793 654
698 648 826
105 412 895
548 964 140
489 918 331
539 415 828
651 224 688
115 96 720
744 585 989
838 128 578
310 435 852
506 47 248
530 218 763
926 364 802
144 719 878
186 540 442
934 832 203
800 902 721
53 770 781
229 535 31
866 562 507
205 477 561
622 626 426
419 645 494
724 923 933
347 302 224
698 94 559
223 41 362
289 190 122
850 90 20
483 501 433
431 280 370
358 203 686
349 462 45
595 771 445
758 327 598
163 980 423
542 683 968
415 943 684
210 521 141
798 690 810
218 454 207
348 187 569
310 654 100
18 388 582
788 736 259
973 209 991
656 272 995
828 297 550
135 706 902
926 426 368
904 476 631
478 624 11
204 976 598
914 592 199
355 220 86
107 809 895
830 87 194
305 780 404
579 442 21
382 128 156
728 863 921
983 824 10
812 143 738
795 436 874
475 816 22
143 425 470
941 399 818
662 557 894
987 108 281
835 491 474
410 724 492
425 589 623
768 357 919
823 657 306
821 929 228
468 375 442
966 974 669
547 96 512
152 637 740
656 544 332
413 716 569
345 812 324
85 565 750
512 768 617
816 453 904
94 867 407
173 393 911
50 156 144
983 775 648
722 473 844
815 854 99
641 37 686
386 424 118
341 188 210
76 733 136
281 576 731
226 495 591
749 999 747
39 12 754
574 199 148
743 263 174
151 728 714
144 174 89
104 279 895
326 99 105
362 851 481
658 874 38
154 944 765
894 522 80
450 611 349
764 280 204
370 531 165
213 581 511
807 441 927
146 139 344
545 54 486
363 237 789
257 855 304
645 780 596
141 266 649
549 256 334
627 898 707
54 504 195
928 538 827
957 829 693
893 418 488
269 257 729
833 108 679
778 212 628
331 385 590
698 31 993
311 64 89
849 932 413
608 438 869
372 420 650
864 901 136
143 673 126
113 895 501
629 640 988
517 342 568
321 569 765
290 706 503
30 86 25
894 707 169
490 880 446
289 233 733
107 188 335
623 930 311
872 372 50
115 413 808
783 650 67
720 176 296
338 997 54
804 235 353
164 443 501
676 851 629
802 901 135
58 705 42
505 532 81
709 175 383
856 48 353
46 206 678
377 245 983
77 263 507
35 442 943
129 892 632
702 560 406
583 334 647
779 553 398
290 103 874
863 71 393
187 990 530
229 972 501
227 551 821
981 901 366
493 674 231
580 697 544
265 327 218
679 805 821
210 745 115
232 333 542
61 441 987
580 212 711
728 42 69
749 21 214
644 107 534
951 672 67
376 583 612
288 969 948
413 360 596
858 407 467
374 671 446
173 208 822
916 728 339
299 282 9
38 165 294
973 774 735
398 827 757
172 138 388
393 769 973
364 540 673
384 278 500
410 462 633
526 103 163
307 721 979
119 221 797
721 982 358
27 453 648
991 679 306
597 81 982
259 70 727
341 173 6
656 719 943
395 943 998
276 95 680
630 953 350
154 598 268
417 461 992
672 251 196
620 690 578
653 897 751
104 536 28
146 470 637
886 39 474
277 593 131
369 180 918
997 6 602
187 197 86
300 746 301
937 982 547
421 757 954
575 416 785
764 204 434
237 192 33
253 783 316
224 136 477
299 657 913
724 609 985
392 538 131
201 328 803
3 192 159
488 678 13
93 184 868
239 419 148
15 367 97
108 519 628
160 659 193
948 817 716
134 437 175
450 877 934
379 282 282
880 941 879
930 892 215
897 899 539
387 152 781
908 98 530
17 594 212
338 774 80
904 737 490
843 609 629
514 297 402
739 361 70
131 999 364
374 371 702
158 761 231
408 41 952
64 178 542
5 760 43
957 877 55
542 408 905
861 689 811
974 645 875
28 917 940
308 208 738
131 867 365
455 708 18
685 350 364
235 678 452
380 931 663
400 830 898
393 370 387
410 306 952
753 269 813
113 734 93
352 773 798
175 824 69
932 673 381
677 902 132
672 834 870
921 591 558
907 213 185
260 573 905
683 414 517
271 940 269
116 323 834
30 299 521
828 629 842
95 2 919
460 485 989
904 538 197
210 512 664
990 6 243
253 312 687
68 488 708
968 394 135
330 120 590
122 300 122
64 126 453
929 604 534
494 621 142
851 698 376
51 235 55
69 345 645
459 401 351
807 503 494
971 980 364
661 155 168
340 729 859
59 922 680
304 686 290
247 246 35
809 293 138
616 313 119
509 253 822
454 133 797
958 487 337
361 875 162
366 491 725
617 213 668
523 76 927
239 1 608
264 338 281
370 246 624
721 665 270
799 376 862
613 691 220
682 490 287
899 741 272
135 783 672
160 342 105
542 494 153
526 288 252
534 936 992
953 704 616
667 692 449
49 436 934
461 788 873
627 243 989
704 640 317
521 889 912
300 314 557
500 274 4
510 789 158
573 436 326
146 655 726
630 350 721
840 501 896
186 516 760
687 747 364
937 337 307
743 54 404
338 603 195
437 987 536
655 226 243
616 683 297
206 533 791
329 240 972
785 50 579
914 3 774
193 221 125
425 299 356
171 651 629
536 973 291
830 234 397
288 979 425
481 13 459
772 374 677
400 854 579
770 569 829
92 759 675
472 528 927
35 218 969
228 592 846
916 310 799
689 461 237
925 688 227
128 731 224
220 523 54
812 158 942
121 751 796
602 72 474
912 812 32
368 271 892
476 32 445
164 822 156
606 316 933
859 710 352
746 166 863
207 822 471
743 661 759
744 964 644
77 486 481
604 707 651
522 979 300
545 971 63
592 716 801
714 10 193
847 933 999
659 118 869
473 419 23
687 695 275
59 576 183
774 694 906
417 286 380
852 136 772
217 559 385
337 646 807
885 671 511
210 365 460
562 355 502
674 862 692
311 424 789
665 309 653
358 80 163
485 215 306
578 271 136
19 151 405
951 502 182
554 38 55
980 745 685
216 179 730
21 932 786
259 255 816
189 114 979
738 229 71
857 327 556
79 636 825
812 338 304
255 786 457
554 684 295
617 645 412
411 703 951
915 847 721
793 980 132
304 914 990
452 12 860
797 658 261
241 98 863
340 359 681
407 389 59
440 610 435
21 681 404
88 529 420
373 353 357
289 204 326
524 65 864
89 832 304
298 349 302
357 527 111
400 446 516
415 520 417
574 506 760
901 260 579
371 578 917
65 11 798
470 762 965
352 915 275
663 305 512
611 60 769
500 867 155
431 679 956
252 323 750
92 717 63
719 875 626
873 125 395
461 959 758
134 218 928
104 503 869
382 80 793
205 530 650
361 865 685
999 417 805
147 219 255
122 105 556
883 811 434
932 473 89
833 156 41
98 622 307
674 586 629
931 28 727
484 742 751
766 800 726
100 824 740
785 273 553
815 321 904
753 677 876
30 23 458
911 366 670
987 739 317
931 569 789
62 122 313
409 183 429
656 966 598
608 54 488
380 946 867
610 451 487
715 683 256
998 693 868
258 632 330
984 510 62
80 241 380
953 272 872
292 463 989
815 582 763
777 554 984
215 85 615
397 353 987
756 30 50
467 542 187
18 811 849
486 655 918
761 857 597
950 189 820
203 736 279
803 350 9
531 901 303
243 306 47
857 735 619
385 572 907
866 116 559
434 249 767
771 294 766
564 515 324
203 109 969
171 884 80
85 304 891
777 132 717
418 356 814
812 969 341
403 833 452
126 45 544
764 902 763
829 325 372
318 419 421
416 533 35
289 821 158
564 543 731
654 948 254
994 763 357
360 876 748
373 985 394
622 864 604
669 998 474
557 520 692
786 500 667
327 460 805
149 340 191
396 886 183
196 503 470
325 651 231
983 866 622
554 907 269
936 850 548
427 539 675
840 867 347
227 512 936
183 181 327
109 138 387
582 26 36
602 955 892
997 770 638
57 402 158
184 983 249
803 720 186
5 313 95
684 299 861
895 606 717
473 632 519
137 929 289
359 753 225
477 995 774
543 996 330
45 282 449
368 124 688
313 874 878
859 340 174
688 172 557
928 533 100
220 405 258
93 972 585
921 159 814
251 755 494
460 87 403
132 131 150
533 301 814
148 693 25
344 850 209
940 120 614
116 123 542
429 937 674
339 241 885
464 406 46
111 351 298
377 454 753
788 503 808
765 982 674
668 354 819
54 110 336
910 889 389
190 271 660
516 418 338
373 77 294
741 919 478
742 183 263
987 530 547
812 286 215
398 419 694
868 223 291
149 146 625
281 129 783
247 90 354
878 724 241
531 74 700
887 95 704
603 404 766
627 476 440
507 26 707
475 991 634
702 257 521
660 791 931
151 277 39
538 967 954
184 736 594
909 586 504
514 74 428
761 420 126
458 321 440
271 692 614
659 603 702
979 266 189
485 860 547
403 216 619
781 281 475
719 73 704
878 358 790
686 838 338
19 492 174
584 166 903
309 483 215
751 551 213
404 713 70
557 491 284
152 30 384
701 110 317
497 25 794
287 467 771
984 646 789
138 653 226
257 883 712
777 987 728
194 382 533
562 763 565
296 597 543
634 432 187
20 877 556
396 112 669
609 162 806
166 365 144
344 470 554
385 125 960
402 976 515
592 270 853
470 587 353
524 313 519
363 916 188
401 659 427
300 945 594
165 139 30
638 638 761
426 378 267
298 810 454
119 36 708
816 847 763
687 685 798
797 264 403
220 304 807
934 73 893
639 509 902
821 298 191
224 453 565
40 904 63
582 895 250
932 540 382
800 86 595
706 182 306
10 609 57
610 199 105
679 41 784
470 573 149
776 38 602
724 619 462
552 262 615
889 46 756
538 677 687
230 644 349
40 680 89
890 397 3
755 519 609
156 510 435
544 881 675
616 157 438
16 238 238
605 431 588
43 199 397
784 169 961
238 53 697
203 56 880
316 506 255
596 642 586
271 640 525
940 344 588
460 965 95
377 625 638
135 612 787
427 554 879
760 107 764
422 292 75
479 917 418
911 143 697
555 768 933
43 360 805
397 349 261
678 142 236
527 538 47
522 941 415
325 205 283
675 771 718
261 600 726
151 913 803
865 668 685
75 497 544
652 328 280
105 383 487
234 992 400
56 682 947
623 459 681
548 968 867
761 458 11
520 358 327
408 696 670
385 159 118
826 730 880
136 75 865
877 881 509
587 430 316
213 818 689
147 550 548
329 961 397
817 410 292
710 468 790
285 473 107
320 645 536
576 695 989
954 707 756
425 128 471
839 9 196
724 871 844
728 664 628
800 571 428
643 971 22
788 722 55
487 550 740
594 876 623
907 436 159
587 22 254
156 591 932
126 970 988
17 162 468
477 743 393
328 773 167
871 573 929
483 491 955
393 884 628
538 691 891
794 442 210
155 507 294
427 473 382
314 322 752
520 843 160
213 196 130
265 355 626
783 37 961
33 937 839
630 283 428
421 767 431
884 852 459
240 412 811
636 359 557
172 323 477
154 992 127
512 137 580
488 454 39
461 219 403
469 222 902
926 559 368
788 43 656
891 875 499
585 246 814
660 630 524
291 8 173
36 522 854
427 909 853
546 623 957
62 635 553
430 964 496
62 844 323
985 371 726
879 585 905
525 839 378
706 291 624
402 948 107
188 913 760
907 122 211
976 41 661
471 790 786
445 431 42
379 614 575
672 265 400
419 450 928
413 123 418
467 295 532
262 348 345
622 874 81
420 516 635
803 311 123
497 20 67
899 451 5
59 514 617
657 163 91
646 713 303
913 331 926
579 997 288
867 224 878
441 296 487
368 267 165
948 394 450
0 569 259
906 527 133
712 457 727
907 583 363
104 313 54
327 184 742
233 936 171
224 292 158
686 507 45
43 583 779
372 905 483
137 165 253
347 83 977
113 463 757
386 385 233
819 532 228
958 748 196
461 997 643
658 888 242
205 729 943
993 222 294
654 530 714
933 150 663
713 994 63
816 463 381
272 573 232
36 978 279
420 317 342
197 607 62
12 916 83
774 49 666
292 235 288
37 246 791
183 442 186
163 339 909
581 525 73
469 849 212
894 446 310
718 2 270
21 339 634
903 54 950
549 388 333
141 527 508
860 201 838
323 35 984
874 746 368
985 224 522
884 881 867
423 153 739
158 737 550
36 574 943
751 973 480
422 515 49
792 576 796
975 108 953
909 928 274
491 148 958
401 550 108
565 400 668
376 227 638
536 555 751
27 401 559
104 527 551
73 693 696
229 943 93
753 492 787
820 773 547
179 687 287
516 53 887
704 933 724
824 965 917
776 631 754
119 416 363
581 354 188
157 482 27
214 908 77
858 620 964
258 740 649
26 558 826
862 318 48
164 467 182
173 825 655
65 73 364
817 571 700
23 461 571
460 101 607
72 613 785
130 511 391
920 696 736
982 748 826
853 216 683
11 874 57
364 184 700
635 740 798
866 538 826
634 694 46
779 383 513
50 986 473
890 140 870
596 258 204
873 257 394
498 883 945
543 721 267
743 225 289
741 905 274
187 976 326
95 790 637
114 790 323
994 93 435
193 905 251
978 177 801
823 11 65
469 445 876
619 387 693
332 835 678
131 449 825
596 34 230
226 271 617
942 532 817
343 404 847
673 782 781
96 15 537
16 832 390
710 283 702
158 475 691
418 897 876
706 761 253
999 365 716
187 752 352
223 226 451
788 333 923
825 252 383
734 516 783
722 341 844
587 444 520
555 607 525
340 962 310
784 193 642
990 969 572
365 658 469
860 648 786
798 107 136
971 638 594
351 232 735
898 371 94
825 598 880
157 789 639
352 730 186
436 209 295
843 532 859
141 921 367
715 104 308
85 931 201
602 376 944
919 218 239
545 301 141
212 933 345
11 717 376
999 744 371
779 359 832
657 429 676
343 376 439
650 444 522
621 110 44
935 86 511
478 206 471
292 895 733
151 96 677
549 796 396
715 66 423
224 491 450
364 146 815
361 163 214
893 209 718
757 300 776
149 763 458
32 274 254
612 217 450
951 544 794
769 747 51
514 102 836
421 397 253
435 628 421
454 1 797
614 362 68
952 610 501
998 470 894
417 670 762
805 514 557
745 29 136
514 273 721
140 366 100
176 371 784
190 982 607
218 349 29
651 63 281
53 988 28
795 945 388
444 512 539
737 595 108
740 222 734
935 595 25
374 63 90
899 912 157
180 943 809
994 724 472
914 620 607
301 261 468
563 382 324
99 555 14
8 805 209
796 962 732
724 856 640
334 469 641
254 402 75
68 236 326
529 978 659
394 465 502
382 541 945
532 255 62
153 859 127
287 16 96
893 641 462
312 974 329
538 55 128
606 79 755
767 325 370
91 180 727
256 803 801
163 524 997
110 233 502
288 162 300
474 81 393
365 17 955
614 722 768
164 59 119
26 530 418
989 990 113
756 533 227
296 251 46
743 870 529
752 854 98
848 415 31
859 472 174
539 226 13
738 233 797
960 214 414
98 475 103
144 529 62
647 793 214
825 860 739
702 636 176
994 715 995
548 598 689
891 984 818
334 231 463
995 16 665
114 235 56
833 355 334
841 752 692
568 37 772
204 198 357
65 229 45
478 681 826
838 361 29
794 836 69
557 349 807
965 116 518
556 17 514
491 329 320
526 273 48
961 608 273
545 762 293
659 205 116
286 961 81
837 86 552
69 174 760
564 539 5
129 184 825
948 826 193
837 836 385
602 979 573
975 103 227
890 150 348
481 42 867
525 364 22
821 113 102
474 551 22
941 78 2
541 6 179
847 102 669
716 369 308
706 490 917
533 481 176
73 152 634
831 750 779
479 945 826
22 761 315
628 371 262
695 803 952
448 518 820
260 108 26
666 507 360
941 486 65
659 337 116
399 143 631
562 160 936
983 828 737
889 8 870
551 838 422
883 957 637
39 7 27
414 32 444
888 317 92
931 345 816
453 457 222
820 972 840
655 440 740
528 632 162
563 396 528
316 311 688
594 701 11
680 762 209
306 704 634
491 528 613
89 633 11
357 831 582
557 467 603
566 134 83
472 485 316
687 923 975
980 769 367
672 820 666
487 417 740
551 454 40
388 33 399
876 593 828
939 103 269
207 44 231
60 670 298
914 829 377
638 201 290
804 458 327
577 59 226
526 549 111
389 51 744
790 56 274
847 758 387
99 740 103
915 857 199
678 355 732
836 809 563
204 383 446
38 88 524
9 719 962
103 10 169
959 372 681
850 949 757
623 497 567
921 923 850
769 314 307
25 834 889
734 920 119
660 37 372
348 766 516
470 487 902
469 825 531
409 752 900
218 994 269
901 682 846
981 203 37
56 469 451
227 954 157
484 790 113
194 134 878
184 774 479
146 271 344
399 694 171
314 493 637
793 533 184
139 694 252
578 362 110
557 952 436
37 217 383
164 875 245
414 873 250
615 987 768
774 728 65
820 141 510
343 589 936
172 669 974
627 53 173
869 817 443
955 261 808
377 915 905
809 84 367
622 204 159
447 410 501
621 138 452
8 558 554
675 690 221
451 545 56
647 570 240
527 999 199
255 762 776
591 252 509
554 91 144
845 175 299
848 747 324
722 721 499
253 545 138
742 829 504
122 883 796
606 905 358
410 434 225
60 423 643
257 922 597
463 550 109
942 580 180
230 634 872
547 29 219
849 457 57
885 116 244
14 563 249
611 269 539
75 473 863
169 263 107
308 365 419
285 278 541
609 936 320
619 397 171
3 11 796
395 18 554
288 717 566
884 667 370
198 915 673
762 742 942
393 485 42
576 150 200
377 862 816
588 971 379
989 928 547
951 506 909
559 115 770
193 211 648
526 302 456
975 355 609
438 659 384
176 842 413
432 531 166
688 419 212
384 17 641
651 339 344
686 653 249
606 458 410
76 790 952
223 781 717
982 112 63
100 957 740
502 638 845
886 234 40
683 798 898
256 633 916
901 46 83
45 397 104
249 463 673
54 650 399
505 560 489
303 820 876
449 508 757
532 440 151
142 360 764
492 385 550
388 232 692
879 225 205
615 286 297
217 259 641
134 281 494
612 349 450
664 585 716
728 455 858
760 700 916
857 365 441
794 390 121
318 1 881
711 387 294
625 141 7
937 968 343
741 668 96
200 64 803
838 498 756
506 179 247
699 582 533
320 384 677
522 798 938
690 199 378
723 330 781
468 337 557
955 850 233
657 338 702
271 455 436
509 424 707
964 420 988
490 277 817
738 651 337
382 42 908
600 592 51
259 318 382
612 757 513
219 433 666
161 384 130
71 72 723
26 582 507
726 186 132
864 312 711
758 613 138
103 879 384
831 81 857
845 70 121
734 958 4
415 928 480
127 466 224
496 510 627
685 588 542
622 209 886
29 746 469
491 893 64
831 765 983
104 736 321
96 263 192
500 843 474
768 168 103
524 745 263
859 933 326
630 530 84
254 274 802
551 667 537
801 142 825
291 601 325
1 834 259
604 142 907
980 915 570
486 755 369
996 965 790
958 909 603
59 884 795
885 510 103
867 352 151
601 45 652
231 937 757
88 519 942
460 115 811
195 884 711
349 519 861
769 879 51
465 372 888
131 274 213
268 993 944
736 715 490
149 511 76
724 909 729
230 250 490
234 536 975
428 985 37
519 307 824
911 561 237
753 540 150
451 696 986
152 546 766
482 582 930
721 375 3
579 934 721
562 516 910
113 971 271
670 656 118
501 13 145
862 532 544
240 503 785
355 604 467
480 593 993
328 302 538
164 429 297
339 858 718
628 318 173
622 612 222
602 357 14
446 278 501
717 453 945
367 2 165
716 188 945
690 831 415
867 642 418
899 280 120
691 726 237
347 947 465
380 718 167
344 100 377
519 972 19
255 981 23
802 222 735
707 594 509
253 350 572
370 887 138
94 881 611
475 963 226
617 768 934
288 585 567
789 807 693
947 329 743
370 616 802
861 229 660
279 611 475
180 834 491
178 768 784
986 318 637
249 662 966
526 881 403
133 595 442
535 77 254
881 361 345
313 598 815
923 727 698
250 519 902
831 708 167
643 658 660
293 396 696
167 892 3
736 700 286
913 104 225
144 121 0
826 925 446
509 25 121
823 909 687
337 732 55
410 619 314
22 960 607
508 577 247
748 116 915
559 742 80
222 886 895
164 229 4
978 448 137
896 501 539
794 0 989
366 529 610
898 685 42
334 654 730
592 56 357
640 808 60
184 935 886
473 210 253
68 721 159
995 473 90
928 139 241
465 676 773
964 639 236
354 538 760
285 439 949
864 360 73
671 841 207
394 346 706
79 674 710
176 685 732
397 387 146
176 409 669
119 591 975
409 786 58
198 740 61
516 812 197
811 695 864
82 938 124
135 821 557
527 619 544
560 171 999
259 911 534
934 20 804
903 225 835
832 436 831
191 327 889
108 219 884
419 806 902
475 754 456
387 371 29
629 266 84
447 197 5
604 863 332
675 49 707
679 445 120
68 920 452
162 872 104
949 935 512
839 616 552
791 587 859
388 427 258
53 16 221
167 464 986
40 486 523
196 342 62
859 54 634
777 317 806
862 190 775
927 653 482
726 821 895
415 64 992
556 844 117
535 694 87
89 6 701
626 343 440
310 155 63
816 885 648
442 314 832
1 440 400
118 175 44
599 516 867
512 555 120
956 536 285
318 656 599
632 657 747
329 591 219
342 680 910
806 846 850
774 548 703
665 727 193
296 213 161
856 484 823
102 158 959
829 757 116
460 348 262
577 419 926
420 948 379
767 349 51
195 238 470
25 18 763
304 477 520
432 992 318
843 148 477
863 284 889
937 128 537
836 780 155
434 263 970
251 832 264
252 926 379
925 915 927
691 911 326
63 307 401
174 696 796
938 179 40
109 784 628
951 886 564
267 937 714
864 374 277
531 483 762
185 223 353
369 570 50
652 628 24
593 977 74
143 663 648
409 615 173
199 231 547
990 861 254
823 235 39
404 2 123
732 304 872
806 162 724
98 821 600
474 475 252
669 856 997
483 250 51
699 791 303
948 233 42
691 265 85
175 733 95
487 535 536
990 837 573
488 430 358
274 277 628
666 389 564
419 446 202
289 48 645
783 469 705
79 859 799
694 980 173
384 857 448
808 4 457
391 895 691
722 61 55
787 580 578
340 593 132
344 902 298
396 430 757
382 118 678
9 942 936
705 838 23
739 498 797
379 206 512
686 643 772
599 55 715
186 924 823
122 14 581
885 77 359
313 190 752
619 17 516
894 745 54
317 576 688
617 568 642
326 90 628
289 665 477
370 678 368
4 917 310
255 534 75
445 473 654
875 513 917
106 711 53
242 425 429
207 243 524
11 72 135
223 435 221
913 265 633
77 856 658
887 109 908
788 684 170
266 288 333
863 47 711
100 748 970
231 647 490
821 250 829
589 210 483
157 643 435
202 10 128
789 778 285
820 602 662
86 436 891
295 779 491
760 511 100
629 175 110
753 488 61
622 840 923
391 220 43
874 827 865
469 901 301
424 912 49
173 640 566
889 454 818
31 369 955
647 779 10
853 805 108
754 663 672
103 433 436
155 678 179
351 256 416
82 35 751
514 510 899
926 991 112
647 322 585
730 994 335
380 286 423
78 182 10
339 659 425
833 488 334
694 485 863
709 218 995
688 472 301
473 39 368
911 960 822
805 168 60
77 604 277
331 832 538
437 109 844
941 448 180
796 616 236
545 239 575
308 389 100
790 265 44
302 365 60
665 912 282
271 256 143
322 373 613
761 12 64
790 464 337
939 312 40
606 843 791
585 285 699
872 795 316
469 702 8
990 770 280
899 508 820
397 534 349
188 97 634
943 574 843
820 958 636
919 801 914
624 815 655
509 661 885
816 506 993
592 455 942
174 274 529
138 828 838
472 291 750
935 732 752
165 314 641
942 912 472
94 340 549
483 847 929
49 66 756
943 204 665
918 76 762
737 543 19
839 801 640
717 895 166
198 663 291
710 862 649
113 515 846
525 431 315
945 957 639
140 594 801
837 24 986
466 822 976
675 125 477
180 311 772
692 705 697
122 276 440
511 204 873
562 996 16
850 498 83
247 892 276
9 505 465
66 324 160
318 903 254
757 456 457
201 746 343
385 481 933
802 692 365
535 29 892
392 761 105
973 954 97
480 432 585
558 794 169
877 250 472
551 468 244
308 9 445
756 191 457
306 889 723
823 102 39
155 245 435
385 961 40
449 783 820
410 263 340
213 775 78
59 339 5
420 972 60
932 279 523
96 932 114
197 441 903
985 817 674
766 378 459
434 548 511
613 681 742
333 982 882
450 203 286
293 936 758
978 40 74
264 129 511
118 744 515
802 128 621
277 821 831
946 866 665
918 37 877
655 387 651
920 943 391
275 472 194
522 153 697
520 752 186
526 472 341
542 626 153
347 568 810
322 250 91
74 650 84
458 582 299
879 780 471
580 635 977
706 737 572
264 456 77
565 6 809
27 216 470
884 207 219
454 960 400
307 703 48
4 209 503
642 288 482
230 197 401
361 756 366
5 973 540
624 421 796
957 368 541
760 525 304
520 634 390
44 820 371
945 169 921
940 382 473
438 66 232
194 946 277
78 998 135
115 267 605
294 262 110
220 803 844
54 319 106
139 723 660
487 242 128
865 459 915
807 660 175
72 166 837
418 997 327
821 483 280
504 860 233
891 799 729
546 609 753
316 50 829
493 555 435
327 868 868
510 755 999
212 249 219
452 377 311
463 156 250
135 161 112
989 520 484
576 757 555
149 103 14
104 498 143
727 731 921
522 808 415
830 928 0
454 551 337
282 798 119
242 279 225
307 114 623
961 138 644
728 175 68
320 185 384
1 8 656
182 523 683
761 804 508
206 805 127
287 73 912
455 936 719
593 534 853
37 602 765
267 606 422
533 64 636
608 39 284
286 742 834
783 232 527
689 898 708
424 812 597
665 451 130
829 367 983
344 408 988
752 412 877
98 398 333
203 488 624
983 838 214
226 860 42
794 447 937
885 956 51
440 966 409
196 988 303
47 86 296
799 386 339
857 560 8
590 158 394
438 450 614
8 658 6
959 333 796
596 656 789
630 50 977
584 399 354
969 383 72
90 285 905
69 121 671
139 325 74
762 135 586
362 195 763
131 188 966
739 997 834
689 367 123
154 103 958
391 211 566
597 119 867
238 63 174
266 896 688
510 950 565
922 866 34
329 857 805
491 922 472
181 492 135
158 751 753
845 891 973
225 338 910
167 474 463
308 23 649
525 193 137
578 509 314
448 912 679
108 267 246
663 58 857
903 790 579
657 35 818
929 210 675
633 367 480
782 846 219
993 104 498
136 256 227
495 468 601
132 553 417
411 789 199
12 156 773
102 813 677
138 377 163
730 126 120
433 981 255
98 218 971
245 665 162
986 242 866
833 474 130
698 27 266
97 119 129
57 563 565
417 310 61
111 497 501
859 79 315
665 640 946
180 321 250
715 659 574
646 33 904
493 949 294
148 830 751
872 596 24
13 459 657
349 334 772
465 145 187
14 672 568
5 318 822
449 399 438
832 76 130
871 952 584
902 577 668
277 204 999
491 675 817
101 837 358
310 378 37
91 613 471
289 996 770
169 230 949
123 792 822
646 860 507
588 315 661
10 139 428
450 71 286
843 295 681
355 851 122
224 924 194
779 762 168
653 4 855
491 57 984
582 662 799
165 708 500
381 404 219
457 46 963
34 571 802
475 161 304
541 770 216
78 907 161
963 468 351
634 62 9
485 784 777
52 776 117
701 898 35
600 335 919
874 414 75
745 199 21
928 785 482
790 317 133
583 96 469
977 263 48
283 128 197
578 931 581
762 462 152
225 609 246
129 76 506
496 970 779
966 220 110
349 913 720
365 487 584
995 895 357
324 177 461
685 9 594
704 772 317
345 128 198
188 686 59
200 282 50
139 855 660
323 463 1
551 458 767
635 735 71
797 79 314
338 294 974
189 494 634
588 957 175
940 790 536
70 843 96
770 935 280
403 268 708
561 508 42
609 727 550
348 26 161
535 907 584
894 498 399
702 242 317
642 502 979
613 429 361
161 583 423
48 394 908
702 992 150
56 284 362
687 116 327
267 383 448
389 668 577
813 418 215
778 397 717
350 623 453
35 941 980
50 117 259
394 664 795
169 809 896
83 733 494
352 734 912
322 625 995
165 551 819
706 581 891
302 721 34
498 921 830
149 700 892
245 879 658
673 307 425
692 311 838
886 556 856
101 287 818
546 215 894
598 0 486
441 58 310
739 313 708
918 256 124
0 493 489
894 37 247
754 188 317
855 798 772
968 360 977
303 160 431
892 91 922
95 329 485
625 905 43
421 226 368
680 383 554
358 659 111
502 463 233
237 60 33
395 251 5
740 815 886
52 97 718
436 641 39
763 950 126
282 788 641
260 98 549
75 12 711
613 643 857
222 778 577
463 607 925
611 241 131
647 702 240
189 794 378
118 943 808
817 177 841
737 585 630
136 294 112
87 739 776
7 303 32
142 768 826
176 25 288
859 881 237
457 84 848
960 922 221
70 93 263
589 287 253
338 143 44
384 226 411
153 494 676
801 361 72
442 628 780
790 820 311
306 490 137
8 634 324
440 363 780
735 659 260
782 783 653
962 873 273
271 508 525
835 16 119
941 637 996
217 283 322
215 954 830
213 804 485
372 653 101
207 623 179
275 832 895
109 124 183
15 804 568
285 449 426
231 145 312
769 437 829
290 654 414
146 917 585
400 617 401
163 140 616
358 702 723
500 94 642
383 630 333
81 573 673
257 907 393
843 385 655
526 672 633
696 342 800
866 980 47
732 489 961
15 543 709
668 316 934
94 50 282
585 912 9
543 920 560
831 342 716
80 873 417
630 321 314
77 472 277
441 733 958
141 460 215
280 467 412
697 331 737
227 375 209
727 702 513
44 440 716
744 751 147
549 640 715
775 784 294
706 367 394
594 391 790
411 172 366
946 524 895
980 793 48
212 40 449
829 206 576
281 367 961
47 761 945
774 557 180
306 836 634
709 754 331
102 771 65
177 974 413
822 406 510
559 680 513
336 381 808
878 505 994
284 631 374
142 175 675
367 177 777
618 502 349
180 8 888
589 633 750
980 413 393
349 96 594
738 442 567
767 942 203
376 213 435
706 709 164
933 435 204
290 906 796
880 72 664
898 585 591
585 902 531
639 466 290
633 960 632
467 48 876
505 546 285
834 834 830
928 206 534
784 720 501
511 43 466
151 766 599
73 679 492
73 37 978
479 533 36
112 644 705
32 473 547
628 332 377
157 391 53
368 532 751
448 713 386
513 325 810
877 867 305
105 198 399
886 590 14
860 818 671
447 832 768
153 741 332
64 562 924
53 452 692
530 664 711
538 886 457
688 11 149
848 547 31
205 739 420
201 405 573
802 89 736
609 712 346
647 113 815
929 485 738
53 661 462
476 625 597
682 567 57
7 701 617
789 384 426
414 768 72
594 98 382
985 741 903
947 566 921
755 453 316
997 745 957
906 726 426
218 576 729
232 400 835
406 337 556
163 728 41
111 944 449
828 705 613
107 202 539
177 873 962
754 980 761
246 802 888
70 818 415
696 760 340
948 10 68
183 618 798
279 112 438
112 431 208
273 487 984
224 335 769
289 142 759
35 451 420
227 337 324
427 501 790
925 61 917
495 74 742
409 145 544
344 836 5
526 263 571
509 609 795
979 33 738
473 580 430
736 121 338
12 337 135
325 466 142
395 569 94
774 918 880
730 800 769
0 322 604
778 853 142
936 195 830
11 38 977
467 281 328
878 320 905
600 753 459
223 464 629
608 30 806
250 738 150
868 831 647
237 381 849
469 47 290
899 295 324
848 129 491
996 257 983
518 868 427
270 651 588
879 662 675
732 751 820
514 468 287
893 133 948
885 946 574
259 659 152
911 115 289
236 64 760
958 662 948
21 140 341
208 352 842
790 440 656
789 583 719
571 747 133
892 324 373
192 378 392
996 927 905
718 756 830
523 588 582
602 362 741
198 939 354
532 164 88
736 530 401
685 18 72
772 331 65
239 589 33
231 961 438
152 428 970
841 144 336
602 134 40
608 486 232
479 77 611
24 826 22
308 403 304
138 629 545
245 670 888
34 633 369
68 673 797
358 872 607
373 908 624
417 841 646
686 891 427
450 23 924
405 399 122
933 928 904
91 470 994
611 663 398
179 740 376
945 164 194
255 709 686
414 217 532
628 541 147
713 495 26
247 498 417
71 975 96
244 429 570
831 974 753
494 412 372
837 879 997
431 413 370
109 414 450
338 147 770
651 286 255
718 533 856
496 928 167
946 311 398
538 914 865
419 251 635
293 367 288
803 786 479
941 932 13
541 195 995
721 617 907
474 280 686
868 252 699
961 755 477
230 867 323
355 39 723
214 689 830
567 360 197
855 983 860
600 568 370
767 311 166
479 509 355
285 910 578
610 43 424
316 492 51
701 780 239
866 102 355
290 137 33
277 161 387
734 303 286
539 586 713
57 762 858
472 932 263
397 809 412
882 426 52
731 286 528
758 798 227
300 576 416
741 340 530
864 915 340
646 266 356
923 144 24
700 268 585
383 986 307
365 303 496
51 895 499
723 207 258
611 75 973
143 896 99
77 196 214
449 176 464
677 941 17
158 81 832
829 377 461
504 807 144
459 586 440
531 677 329
34 756 891
368 727 317
711 325 727
408 706 147
929 248 560
95 961 522
933 781 700
552 329 908
302 963 939
273 511 665
207 661 64
436 67 818
755 544 290
620 215 222
936 62 830
169 79 18
565 822 935
871 292 139
23 485 252
339 897 603
190 257 456
786 476 986
935 115 919
642 725 953
361 547 596
850 328 198
542 23 524
235 668 975
961 598 796
963 350 555
372 245 38
441 875 435
540 44 64
299 244 124
257 936 801
278 293 387
204 630 101
134 528 149
153 888 535
62 554 56
669 444 207
704 193 369
695 48 393
776 850 1
349 305 364
811 681 660
311 510 37
703 47 165
404 310 734
201 129 510
378 496 779
650 653 292
199 524 955
412 831 225
818 219 867
911 300 377
756 20 572
380 276 945
587 420 839
386 215 348
435 395 970
185 962 708
869 84 955
552 471 385
862 731 837
940 828 421
377 84 575
218 144 985
772 350 996
718 411 333
571 894 337
231 354 82
404 809 771
347 515 721
793 756 158
363 683 737
16 661 505
714 603 345
744 979 848
844 797 858
335 64 719
602 689 306
404 913 363
262 149 52
634 883 861
771 70 792
422 244 713
390 587 80
881 313 983
827 772 906
714 423 983
734 882 234
813 579 622
264 446 600
714 788 434
410 68 774
398 35 313
547 675 460
871 136 458
714 987 726
346 592 491
755 272 954
668 695 589
881 337 664
554 105 348
392 713 743
818 376 548
441 899 116
55 773 921
575 478 352
631 349 135
773 188 2
259 203 727
128 745 428
296 427 658
650 154 255
458 136 351
628 176 696
390 141 132
728 626 743
510 71 873
101 25 959
128 589 747
427 763 649
156 758 90
875 66 969
551 814 741
669 989 997
9 481 784
712 21 256
201 960 839
623 61 96
414 981 569
1 464 81
555 122 692
246 418 506
926 416 891
784 772 590
394 95 324
21 880 697
461 34 314
711 193 727
723 406 551
712 628 612
127 519 313
52 999 91
556 435 54
822 985 458
75 430 251
707 248 12
663 320 716
610 33 947
277 768 742
887 907 103
641 494 112
210 706 230
314 688 203
278 507 883
481 327 407
177 333 899
104 303 577
639 728 149
248 155 61
103 224 666
421 620 227
610 660 257
193 444 99
22 182 367
13 246 161
998 114 920
469 625 238
292 50 199
61 911 616
256 1 880
616 882 590
480 949 967
875 683 802
804 211 672
252 285 865
304 924 468
699 306 470
557 59 540
474 489 456
952 240 323
966 580 810
802 51 851
35 333 624
441 690 346
677 931 539
306 714 111
202 617 483
697 160 852
122 0 377
826 308 613
768 837 25
71 756 848
814 536 11
51 435 347
251 428 928
255 486 713
639 690 264
218 625 92
287 647 133
356 119 634
74 204 136
121 158 645
517 551 338
563 202 962
806 53 405
139 315 597
189 148 137
783 431 820
71 585 964
930 945 304
209 208 779
355 628 148
226 229 5
23 214 915
478 21 382
899 232 758
48 195 615
355 172 723
315 981 610
968 384 658
10 561 695
878 961 419
159 437 805
714 394 575
143 46 815
494 227 283
657 386 65
810 510 775
291 416 236
213 172 449
575 600 874
574 593 7
705 857 954
828 663 1
249 173 406
697 958 47
948 708 398
106 910 346
511 33 988
726 200 336
50 725 614
109 707 857
841 221 107
908 677 478
146 295 25
165 62 260
932 530 904
979 437 74
15 249 301
704 758 113
76 724 659
424 247 853
35 860 483
284 431 82
323 729 587
221 708 143
430 618 0
947 604 806
94 259 52
987 768 725
323 738 64
793 163 7
895 379 17
769 893 255
113 472 234
378 126 601
270 759 907
0 478 285
828 943 790
207 49 958
295 887 810
543 930 37
828 639 320
606 891 154
781 295 679
934 652 841
56 531 17
976 829 378
107 178 858
472 53 572
56 207 591
42 897 727
52 382 258
968 308 888
150 386 944
759 644 686
491 343 524
788 461 196
46 7 386
926 824 953
233 660 108
441 942 728
419 213 750
996 961 64
56 440 43
424 864 686
309 720 393
661 924 931
878 885 649
118 535 745
527 382 367
922 54 636
127 87 570
227 788 999
653 451 803
669 614 92
66 129 594
947 576 398
192 354 711
545 686 523
749 26 940
793 889 158
128 104 914
758 365 483
546 386 779
7 777 388
702 958 992
468 982 798
572 157 122
642 326 367
691 639 990
98 674 396
773 216 410
980 807 252
792 244 504
662 871 842
739 299 504
870 32 866
863 280 163
322 216 932
231 462 401
960 912 744
16 106 238
564 505 846
472 476 838
322 582 383
332 252 4
470 193 494
365 910 851
416 538 762
795 80 900
74 849 377
311 709 329
536 593 636
894 246 17
550 326 767
144 73 637
311 476 878
396 677 413
642 896 838
140 419 189
178 29 428
1 56 18
488 668 535
669 804 908
447 211 208
195 594 444
713 893 612
944 151 576
463 146 773
750 324 98
451 905 756
779 753 691
311 885 941
708 119 153
622 888 285
506 350 132
683 661 172
871 164 866
744 974 121
82 520 584
576 918 963
21 248 660
766 483 637
370 71 13
488 284 154
40 262 549
242 809 811
632 443 250
216 417 908
484 481 892
22 25 686
708 81 268
258 199 586
315 402 663
441 666 665
62 611 872
310 330 674
913 435 518
795 327 555
638 994 735
331 765 245
463 602 198
49 683 589
593 796 712
491 158 435
633 182 391
109 323 476
297 482 888
593 189 356
928 509 419
540 310 650
284 446 286
600 544 689
48 432 793
907 953 541
687 382 913
844 873 629
440 600 958
33 671 254
783 849 360
316 520 458
157 273 257
465 581 658
549 493 511
606 658 703
832 261 219
782 793 130
355 594 990
116 109 338
0 925 233
141 52 152
858 13 608
378 136 78
522 400 352
181 847 108
657 979 216
483 909 495
470 696 672
364 208 381
515 310 20
540 272 765
879 623 790
444 317 973
836 785 882
981 284 534
218 848 66
918 351 825
639 286 928
707 884 776
569 719 312
365 896 647
691 635 263
717 634 307
131 634 913
576 178 608
524 958 760
184 90 353
794 366 440
865 193 329
747 664 314
793 286 529
14 539 568
300 290 876
91 997 853
314 915 903
424 466 101
993 721 331
513 193 810
281 168 668
454 143 274
429 414 956
95 999 407
367 6 892
806 186 405
647 939 418
452 867 871
355 367 289
583 58 584
477 102 879
736 690 809
712 614 408
65 167 479
484 519 777
423 794 253
514 653 376
728 635 220
124 606 147
479 91 815
737 533 541
114 595 757
238 548 7
753 778 328
706 591 368
869 565 61
122 266 963
220 542 985
279 325 935
660 90 461
3 813 718
288 96 7
922 671 468
493 849 842
68 896 771
1 373 107
434 112 40
525 640 85
452 838 463
214 43 589
715 935 637
711 956 764
481 37 140
107 833 576
127 704 402
939 672 740
605 849 128
30 408 840
94 501 956
90 609 330
702 351 636
444 156 565
310 748 214
767 947 930
731 73 31
199 534 432
563 781 909
24 987 429
574 569 326
977 776 289
937 299 422
66 100 186
314 531 522
894 659 806
66 271 71
597 693 88
427 273 89
93 369 956
242 663 607
998 86 512
546 410 460
792 258 707
83 315 954
898 16 120
444 896 920
205 886 624
406 176 148
715 911 956
407 194 493
534 618 903
5 498 184
822 22 128
117 18 363
937 51 767
402 582 656
528 267 711
12 379 747
944 535 958
268 662 651
724 515 870
597 153 26
143 440 674
212 277 627
737 153 887
683 964 56
764 503 178
99 939 395
356 314 200
378 796 523
839 678 118
84 656 724
884 434 919
30 868 992
958 249 159
973 930 416
486 689 76
174 653 184
514 544 57
357 171 137
509 1 440
779 947 257
785 288 757
990 666 688
357 778 493
209 432 753
579 574 21
908 36 964
501 529 526
978 410 252
212 253 946
706 528 802
4 471 362
389 236 833
853 202 479
487 811 599
634 300 187
326 721 664
175 406 529
947 931 372
487 232 651
702 874 354
703 507 317
477 363 738
342 676 184
689 252 467
925 318 49
620 82 223
323 45 461
298 800 976
131 368 328
719 219 908
685 165 275
487 787 917
185 621 938
355 827 441
89 913 801
430 580 114
185 23 60
511 384 235
517 527 657
317 353 714
965 87 110
338 963 896
180 530 20
307 930 749
333 531 207
572 39 326
141 854 74
910 191 59
818 613 725
771 265 358
286 951 604
997 822 727
322 164 843
347 145 543
139 286 189
114 12 82
322 819 561
590 57 943
39 182 639
58 895 858
477 135 37
532 548 469
923 105 138
704 222 777
187 805 441
875 484 509
534 328 636
601 599 918
507 483 132
579 355 774
10 124 224
507 117 681
588 116 368
912 973 440
516 903 171
39 259 409
788 252 426
680 801 94
126 425 199
97 936 255
145 30 25
682 125 836
12 389 224
761 386 968
307 926 22
617 583 846
401 858 719
775 613 410
205 648 446
852 986 56
604 37 729
821 920 751
969 582 365
201 799 432
392 590 221
613 928 397
360 17 11
654 317 217
568 849 171
109 129 910
451 98 108
412 480 978
671 555 667
928 761 801
565 347 579
154 113 435
457 621 184
95 406 255
690 332 378
856 9 468
2 695 922
257 761 189
163 785 857
832 617 193
868 38 203
917 181 940
525 786 289
296 607 20
842 263 132
237 852 478
507 658 744
665 266 41
153 470 995
619 519 693
82 269 202
905 978 808
12 375 20
40 53 779
750 656 391
442 20 424
166 840 500
856 257 123
36 413 535
612 942 601
268 842 13
61 859 527
619 121 108
340 184 69
410 25 162
721 218 322
564 752 501
244 167 711
650 21 255
588 909 813
836 191 730
669 182 348
680 962 502
168 306 719
304 254 546
88 777 75
944 84 284
644 491 916
882 455 460
184 328 531
576 719 670
306 87 801
187 596 671
743 623 874
597 931 266
703 137 139
479 561 444
325 665 435
254 483 572
960 675 566
880 271 957
967 513 517
841 434 603
952 624 705
166 997 181
143 84 701
866 145 967
73 71 137
103 394 551
645 333 649
730 154 528
561 52 617
157 182 283
438 583 614
592 911 367
572 594 593
810 548 660
482 753 814
813 365 126
177 465 899
201 761 547
291 169 581
532 577 877
755 662 86
596 210 842
781 357 246
393 29 617
320 883 713
401 749 401
699 159 266
968 147 480
628 988 95
145 576 815
781 319 361
149 791 866
431 912 407
469 207 698
620 637 489
414 601 914
770 632 396
964 144 925
1 140 656
896 216 999
934 647 114
649 971 967
692 126 749
306 205 597
116 186 108
902 786 438
262 918 815
660 801 409
514 862 146
271 90 985
411 162 889
919 232 443
824 936 509
311 438 993
920 682 532
959 571 974
917 637 365
240 489 581
411 110 800
229 996 183
890 311 755
678 997 246
384 648 678
367 448 113
603 48 792
895 345 858
615 778 998
454 841 604
710 925 216
390 553 922
288 470 911
129 194 302
765 716 88
274 329 717
37 232 587
739 774 860
435 590 536
995 264 320
28 865 851
143 711 11
37 393 995
956 298 107
222 593 488
614 946 742
155 615 613
907 768 452
363 746 303
855 376 505
3 523 451
360 216 303
2 734 807
879 396 89
382 683 422
145 652 585
636 990 594
763 560 993
625 40 555
589 818 839
392 528 654
24 502 596
694 917 607
393 423 476
206 819 331
527 396 570
656 258 791
453 695 400
780 16 476
716 13 334
462 830 899
792 49 937
47 271 385
153 731 854
713 718 0
846 241 6
395 398 209
29 546 177
275 866 53
138 192 75
197 664 877
429 281 956
821 103 625
344 223 899
249 989 532
945 444 984
12 351 339
140 998 137
580 445 162
21 457 430
462 707 376
293 187 926
271 284 551
968 764 313
612 743 309
634 655 161
855 575 798
380 91 857
124 383 173
69 791 593
786 538 552
282 356 898
788 551 170
106 108 424
992 840 713
170 281 451
900 773 820
334 995 500
400 670 490
311 832 852
436 523 243
748 510 773
242 886 581
948 300 335
590 134 713
996 291 142
999 759 575
294 176 862
922 709 353
477 97 152
795 313 351
404 794 567
564 965 998
338 750 399
663 752 460
68 313 97
446 515 679
529 556 392
954 623 119
625 64 237
706 144 420
875 617 509
39 468 179
802 706 568
370 716 253
186 303 264
292 88 84
234 99 505
732 722 412
304 107 342
504 846 29
585 546 558
802 668 683
869 199 610
633 803 951
716 777 370
316 98 192
182 708 772
233 713 197
352 497 735
536 171 369
971 192 646
65 690 197
428 553 293
847 116 873
277 764 16
974 697 965
585 333 61
588 392 431
387 333 144
497 694 716
777 142 194
351 717 568
462 916 146
55 835 488
404 756 682
424 10 676
516 39 684
391 249 451
93 155 460
620 443 923
667 231 297
529 361 826
152 361 677
788 499 81
527 629 22
658 850 357
561 61 94
213 343 334
367 438 636
773 468 792
60 161 784
493 241 487
378 140 805
17 954 912
122 199 670
733 816 527
792 837 655
62 778 30
69 777 389
378 520 460
77 395 507
282 997 411
730 576 795
97 395 192
917 846 135
315 364 777
69 829 478
220 580 870
844 660 132
938 772 191
608 880 90
63 70 224
566 940 731
411 385 863
653 314 76
566 124 605
680 354 146
619 966 641
56 236 999
470 905 442
18 270 787
703 536 725
250 344 291
380 262 741
408 298 85
771 645 13
606 929 39
38 326 702
39 36 435
533 433 814
947 419 717
116 926 463
769 77 129
704 971 609
908 824 682
427 64 319
92 128 638
890 956 996
247 299 124
719 599 563
591 43 739
219 116 578
547 257 920
438 991 676
527 197 278
786 130 490
911 566 963
438 426 933
619 927 756
510 172 325
334 440 233
232 361 950
889 3 144
835 30 323
697 156 125
748 880 951
319 541 944
948 29 999
595 586 356
500 673 589
115 689 871
99 269 474
378 743 434
151 500 13
181 677 223
504 850 755
930 167 63
795 512 644
714 812 115
287 191 708
914 345 544
784 402 412
58 74 6
186 648 760
847 510 732
830 224 920
161 705 946
46 386 41
122 499 414
717 677 919
719 836 741
181 216 72
82 220 840
110 257 183
94 643 433
484 989 406
115 723 30
994 540 383
876 317 765
152 229 677
7 463 440
70 634 326
448 703 909
231 30 657
529 200 418
283 930 119
222 146 540
785 245 145
60 370 554
369 978 113
512 109 172
971 216 328
337 908 666
495 36 857
655 795 713
377 663 523
790 231 886
706 713 891
195 490 852
169 16 452
806 200 609
243 889 722
93 825 382
272 772 524
490 419 294
720 124 207
900 811 705
451 521 374
608 657 117
656 344 39
875 864 164
594 914 508
399 760 464
536 527 343
984 956 10
827 426 409
813 0 675
693 847 174
637 952 709
746 793 173
654 384 510
18 18 405
494 573 779
297 430 799
76 539 570
110 693 653
851 844 579
585 47 521
276 712 513
115 922 323
74 33 252
399 566 898
354 130 697
63 464 82
65 875 286
517 788 516
487 821 76
518 460 364
986 921 265
97 698 77
297 468 684
222 70 770
370 940 227
626 538 6
513 611 350
126 55 21
102 600 180
760 69 879
18 863 938
733 38 287
962 47 670
230 382 490
366 316 113
413 745 977
108 628 947
645 936 277
82 206 636
629 626 784
858 843 938
721 23 756
784 996 564
801 166 506
728 849 717
692 582 174
185 408 442
117 597 311
870 436 202
195 476 648
291 131 696
575 687 122
829 970 612
685 602 746
70 216 786
330 856 219
891 624 117
669 391 118
485 661 254
275 841 372
628 935 6
815 990 826
64 377 835
171 243 566
719 832 14
262 300 982
540 97 153
302 512 264
71 529 148
72 385 85
311 734 11
623 968 196
518 359 913
708 148 561
764 664 585
699 197 151
499 788 245
186 478 875
655 886 688
842 661 718
356 893 148
889 41 29
366 97 866
599 843 433
261 900 471
283 921 641
193 696 481
590 528 572
515 377 313
771 474 128
187 610 875
820 797 228
478 775 941
843 494 974
759 801 367
946 918 754
405 808 185
215 911 218
276 280 769
840 720 144
808 189 546
363 840 418
69 369 326
527 149 915
294 252 633
733 24 83
231 486 82
992 118 702
226 62 847
926 734 979
272 525 869
623 564 860
930 342 675
373 884 942
879 770 994
169 710 55
800 362 658
622 996 603
474 66 189
511 165 988
449 361 553
371 943 368
915 809 836
320 213 792
880 741 586
762 651 968
112 568 935
756 163 49
567 190 312
939 473 447
114 581 553
994 501 498
424 850 482
226 641 795
402 407 45
271 944 995
340 374 885
358 663 837
270 152 551
153 47 729
92 337 408
33 738 547
568 246 542
284 578 285
448 58 668
690 569 556
458 900 388
730 391 706
741 501 938
66 62 301
705 629 253
495 715 256
692 810 875
70 610 645
318 932 662
148 80 919
873 742 227
461 945 554
935 191 689
446 145 502
111 773 564
885 101 41
546 2 397
230 843 642
269 689 473
895 307 973
818 661 88
363 546 10
816 715 763
211 169 308
881 982 905
445 236 476
700 229 699
523 874 122
479 499 878
224 705 947
784 734 705
155 416 320
294 447 199
954 798 730
867 566 647
886 608 945
99 653 855
262 111 167
620 837 782
988 810 751
885 709 396
726 908 143
499 987 537
79 399 647
390 933 576
841 187 948
890 363 844
592 133 127
883 155 716
925 925 405
539 547 828
983 26 815
54 134 17
557 705 781
237 576 415
28 457 789
692 952 352
951 307 616
55 142 885
641 693 404
473 594 634
737 415 746
411 713 429
797 12 21
305 334 456
11 299 836
375 736 153
837 257 437
989 296 510
209 223 983
364 118 407
906 42 301
435 960 714
49 522 181
770 399 944
335 866 641
180 587 835
959 148 708
902 724 872
924 19 891
460 509 670
41 960 293
253 413 138
275 11 42
231 306 720
850 119 428
382 498 333
538 725 49
664 856 52
392 130 69
87 255 943
916 718 862
657 965 12
158 869 549
744 162 722
561 13 732
251 190 750
576 286 926
14 681 45
468 769 301
678 170 644
770 541 421
343 813 910
385 135 437
423 6 535
864 806 21
372 12 587
580 421 481
582 278 417
3 723 744
605 563 588
950 383 386
654 185 217
554 95 870
735 568 286
826 270 728
463 417 110
468 142 991
825 451 676
54 950 143
593 141 994
797 240 721
595 694 675
898 846 450
732 974 794
14 748 338
16 68 353
937 289 944
465 500 161
948 290 858
174 235 644
121 827 566
592 935 48
710 440 383
192 393 596
235 786 771
387 271 577
849 418 172
276 266 565
530 270 852
349 661 338
197 768 469
350 940 542
573 66 148
262 956 700
886 841 396
137 782 86
116 138 745
241 108 340
158 932 116
710 649 153
493 256 691
933 387 841
128 546 135
671 133 400
91 271 701
610 977 346
892 537 870
560 375 43
205 69 498
695 666 225
259 716 968
881 783 612
524 697 901
637 306 468
368 82 76
195 29 700
544 435 727
568 915 464
758 802 953
8 358 261
188 808 582
400 408 631
631 392 747
458 757 911
361 889 366
985 171 433
202 276 714
507 521 17
550 706 422
459 624 325
538 146 102
574 545 645
945 625 346
718 557 537
936 58 103
3 324 158
574 621 415
340 924 425
266 89 40
719 666 856
374 25 205
129 854 747
2 510 833
680 344 669
308 626 278
609 513 53
134 305 175
972 72 264
861 898 581
686 274 594
758 80 943
699 558 851
187 961 122
850 332 925
357 841 59
889 269 729
404 979 656
411 580 429
376 175 549
538 554 165
33 895 228
773 648 154
560 551 654
430 741 522
767 894 841
913 910 874
300 367 646
498 945 512
176 832 936
217 730 270
168 724 259
843 210 43
987 346 458
711 587 586
618 132 171
734 512 56
135 963 34
266 449 741
893 0 948
769 845 892
330 462 360
111 915 41
419 398 839
430 409 230
770 726 510
322 160 117
306 58 394
354 894 734
47 770 422
160 873 690
295 974 57
0 977 322
481 289 522
732 381 643
348 173 365
525 644 812
107 620 79
414 640 799
143 293 471
371 995 457
969 426 684
138 615 341
714 38 601
573 80 352
730 809 246
335 468 55
138 12 712
963 74 492
910 998 707
548 546 600
396 454 439
57 354 795
576 733 874
949 104 183
551 259 474
168 952 959
676 453 43
851 223 20
12 298 250
586 588 583
128 428 339
986 513 203
491 172 639
952 173 30
651 276 777
661 948 612
893 342 718
27 154 904
995 795 905
420 492 954
592 541 190
814 669 10
28 732 851
469 85 175
995 658 179
721 271 411
115 855 30
835 45 527
485 561 803
195 385 674
798 742 899
587 60 139
264 470 281
974 299 379
561 906 628
55 19 362
764 85 638
919 33 150
778 279 921
429 315 115
751 95 788
558 429 718
573 71 875
140 181 11
175 548 6
891 457 959
767 88 192
129 470 365
553 974 562
755 244 546
302 80 520
742 553 441
561 303 999
546 16 601
71 965 618
88 962 163
878 277 294
30 655 495
371 744 75
779 923 576
5 551 273
171 385 43
269 989 217
795 303 874
304 700 494
161 967 805
826 779 242
940 538 154
892 889 117
568 824 490
474 897 519
732 405 324
117 849 693
960 622 477
31 393 636
870 198 24
172 294 69
140 551 189
9 676 350
670 115 55
782 745 768
919 379 647
62 175 402
47 48 411
133 186 379
293 804 759
901 246 375
858 378 59
237 50 556
513 402 580
848 576 439
551 235 793
869 293 725
532 625 240
585 873 124
982 734 622
673 583 488
140 959 252
496 984 983
211 159 831
641 86 49
42 645 345
522 599 645
8 401 873
581 805 862
448 319 527
489 943 12
777 934 639
755 135 228
366 976 558
79 185 150
207 438 90
459 861 503
225 139 617
91 798 560
446 131 298
367 215 662
498 684 653
516 632 835
436 865 13
402 539 45
194 538 214
668 748 678
562 686 795
647 294 177
273 605 780
675 956 807
407 455 352
521 306 238
388 180 603
121 576 185
790 649 426
415 667 621
119 406 886
831 712 894
575 70 289
870 687 584
643 615 48
85 143 483
574 715 530
67 24 416
641 446 749
122 921 681
750 315 621
661 734 116
617 607 527
440 581 28
592 318 216
150 79 332
580 483 47
86 554 687
225 746 973
970 520 798
662 648 868
533 928 124
540 63 995
519 331 505
384 202 730
426 644 853
809 113 775
786 78 401
668 88 234
336 429 170
872 833 202
126 557 199
580 90 188
496 785 690
9 97 402
42 304 575
27 795 418
983 790 852
271 483 844
850 736 261
845 350 911
215 332 270
576 913 236
514 429 402
362 651 188
379 690 345
198 653 814
403 715 656
337 884 985
622 651 107
297 74 825
262 296 256
341 254 503
560 826 717
525 962 900
900 228 31
896 686 628
595 942 330
33 662 776
830 35 105
455 897 833
820 664 228
573 897 478
549 426 218
900 545 119
300 91 583
298 747 887
355 803 760
345 403 261
812 167 419
487 427 217
350 414 683
367 268 751
597 143 549
880 120 27
139 552 775
838 75 489
762 428 994
111 180 413
774 457 729
316 890 636
417 879 532
125 700 262
925 99 802
137 74 279
696 750 863
236 364 504
822 606 803
796 341 173
634 38 328
993 522 38
38 103 728
633 936 950
971 35 965
975 317 723
17 109 379
729 127 706
490 273 91
144 914 444
231 44 861
583 504 532
617 621 731
354 695 441
735 373 720
951 492 705
256 657 597
97 779 574
429 856 177
110 802 972
103 603 321
977 714 723
549 626 511
608 647 639
745 835 785
745 190 544
982 311 355
87 701 891
112 825 67
353 677 97
793 732 477
102 377 206
688 182 34
819 693 636
801 389 480
663 92 16
